10000 5008
7235 5370
7235 3754
3796 5170
3796 1253
1253 1226
6900 2557
2557 1382
2557 4649
5779 5049
5779 4844
4844 113
8285 837
9079 8588
9079 3448
9079 3198
3198 8588
1291 556
1291 6101
1291 2164
1291 1592
1291 9284
556 3948
556 3578
6101 3974
4701 3164
9021 2505
7547 9706
8420 8123
8420 7580
312 7642
4926 302
6313 4082
6313 325
6313 7318
4842 3795
1406 5877
1406 9100
9100 8995
4685 6598
4685 1980
4685 7662
8830 1668
4388 6641
4388 8731
6641 6450
8731 4591
8731 6503
8731 1867
755 2960
755 3600
4433 6677
4215 8590
6691 5750
6691 5634
2579 9614
1384 4163
3151 3847
7968 8610
8610 9321
6211 626
6211 7206
626 3514
626 5523
7206 9766
2260 4777
4777 2143
8647 6133
8919 8381
7456 1583
5890 2940
9245 6866
9156 5121
389 4439
8077 7813
8077 7085
8077 8597
8077 4404
7085 1017
8597 9236
8485 363
3349 235
235 1995
9122 7956
7956 8330
7308 3082
4551 9108
9108 9780
9108 6830
4467 5146
4467 7067
4467 17
7067 3774
17 4465
6475 5340
6550 264
264 6638
7060 9404
9404 6659
2852 4582
4582 787
2217 4746
3632 7446
8048 3227
6000 4741
4741 9712
4849 5375
4849 7984
4849 5044
7984 6001
2842 853
7151 1112
4057 432
4057 1548
1548 9672
2294 501
2294 8959
501 7857
8959 8850
8805 8712
8712 9693
6814 4971
6488 6254
6488 9813
4024 1134
1134 308
399 4549
5790 6104
6104 9051
7766 7582
5036 429
1928 5526
3459 218
6714 5931
6714 6017
5931 2576
5698 6953
5698 3429
5698 6279
6953 6451
6953 5871
3434 7371
3434 7118
4033 4137
5426 8965
5426 5206
5426 947
5206 3965
69 2470
4810 9993
2804 2254
2254 2326
4331 7741
4331 9099
4331 7182
4331 6498
6498 3327
823 551
551 7859
551 3571
1698 5321
8917 82
82 2208
9818 3729
8252 1566
3541 7531
3541 8625
8625 1939
8625 6731
9970 2264
2264 3105
7221 3820
7221 1238
7221 6865
7221 2305
6229 9566
6229 7131
2535 471
2535 2717
3129 7258
1763 3828
3828 2114
276 9897
9897 3659
7300 1621
7300 2726
2726 5125
2726 4087
2726 653
2190 6238
2190 4918
4242 453
1144 8136
568 8340
568 8292
8340 2632
3181 5348
3181 8101
3093 7619
142 5114
5114 1839
6637 5515
6637 5085
6637 3319
5085 3656
3319 9949
3319 6659
7365 2828
7365 2208
2828 6190
9848 6294
5298 3049
9123 2053
9123 8988
2053 9429
2053 6619
2053 9328
6618 6679
6618 6247
3123 5240
7063 7752
5653 6966
5653 8555
9289 266
8443 6189
6189 2809
512 3000
3000 1843
5922 7833
6696 2030
6696 7965
6696 6875
6696 7500
7965 571
6875 700
5216 2113
8463 4400
4400 6075
4400 1100
121 4761
3512 457
3512 8459
7232 2624
7232 2363
2415 8372
2415 4572
8372 5233
8372 1453
6422 8289
6422 8473
8289 4854
8289 4565
8289 4520
8289 5972
3866 509
6356 2766
9461 3316
9461 1878
6574 7687
7012 5746
3983 6617
6617 8969
5568 4037
2613 7756
8108 2829
8108 2277
8108 3959
2277 9698
3959 4577
7291 3750
4071 7125
7125 6345
7125 3829
7125 3561
4255 2963
4255 1483
2963 8749
8637 4680
8963 1261
8963 407
8963 1162
8963 4936
8963 6623
1261 5415
4936 8618
4936 4322
1743 6850
2944 2400
2944 2142
2944 5939
2400 8893
5939 2912
942 2759
2759 1578
2759 7355
7038 3365
7038 1296
7038 3298
7038 5333
3365 8918
3365 4817
3298 9292
5333 5297
7990 4067
7990 2308
4067 2259
3220 6899
6225 2897
2897 7614
5838 7160
6016 4459
8141 7844
8141 8691
5352 9836
9040 2042
7795 5747
1733 9932
1733 2092
1733 3063
9932 2335
104 8714
2556 1437
2556 2580
2556 9532
2580 103
9532 2325
9532 1822
6143 8569
4145 787
4145 5609
1507 8681
1507 301
301 2633
301 7102
1881 337
1881 143
143 292
8455 3051
2976 3249
3249 8910
9027 273
4882 2639
2639 4447
2639 5769
3492 528
3492 8116
3492 9872
3641 8764
4303 6175
4303 5813
4303 882
6175 2211
6175 2507
5813 1278
882 631
2250 9291
107 6352
6352 9022
6352 1617
1902 2639
5464 9184
5464 8516
5464 4557
9184 1297
4557 1402
9680 5335
5335 2039
6885 6739
6739 1564
270 843
760 5386
5386 8357
5386 756
2806 4647
9452 1578
8090 9364
1103 681
681 5988
9951 4509
4509 3901
9981 8576
1773 3950
5640 3318
7222 2741
7222 5814
2741 889
5814 4189
5814 3226
5518 6597
6597 7760
9772 5900
5378 2352
8892 586
8892 7523
8892 9715
7523 4834
9715 6310
9333 8617
9333 8803
8617 2511
3925 4803
7056 2913
7056 4240
4240 1440
4240 2662
1732 6087
3006 8301
1542 6129
1542 9266
6969 6427
6969 5846
6427 8948
9366 1891
4659 2721
2721 8505
311 8047
3815 3217
3815 2311
2311 6948
8317 4744
157 6172
9519 8040
8040 6152
3514 1987
3848 9959
5334 6989
6989 7549
6989 8352
5448 2537
5448 9957
2537 6236
5092 5894
5092 4902
1509 187
5591 3354
3354 5286
6847 6876
3107 2660
3107 5557
5557 9260
5557 8732
5355 7771
5355 3940
7771 6120
3893 2761
3893 9543
9543 4891
1828 2597
8558 6459
72 1166
6401 5263
5263 6223
5263 6952
5263 6689
5263 3272
4198 5603
5603 449
5603 2219
6095 9633
6095 4277
6095 454
4277 9525
7573 6216
6216 2731
5037 4142
5037 8794
4142 1274
7018 7993
7018 4631
7993 8294
8626 2635
8626 8373
5932 1797
4002 5590
4366 2555
4366 6987
4830 4796
7684 8931
8931 2189
3045 2977
3045 979
3045 5934
2977 4286
2977 6756
979 4300
5934 6249
6027 8399
8399 5252
3781 8788
7209 8433
3236 2435
2435 7403
2474 4004
6165 40
6165 9698
6165 6487
40 6056
4188 1861
2501 9897
2501 9770
3804 9288
3804 8181
9288 5495
9288 6424
4254 2871
4669 8192
4669 887
9377 2544
6954 1718
6954 3000
6954 1651
1651 5643
786 5705
786 4868
786 31
786 503
786 9195
5705 2244
31 1552
3934 6610
3934 9107
9107 2812
1925 4082
3845 8501
3845 78
3845 2816
3359 6429
3359 5117
3359 2320
5734 6765
6765 9937
5951 5776
5951 2878
5776 5127
2878 1334
8135 7731
8135 1356
1356 3517
9086 9053
9086 5543
9053 222
5543 9444
1205 7281
1205 3706
4209 6810
4604 5789
1052 8585
1052 2561
7691 612
612 4395
1520 950
1520 3184
9943 7045
9943 9235
1769 8722
7079 2660
7861 6946
7861 55
7861 6783
3668 5852
9232 2489
4086 9060
9060 8530
9060 5905
3224 6835
332 5672
6898 2810
6898 8959
3857 9758
6461 22
6461 5751
22 4406
22 4745
5751 8640
5383 5400
9798 3113
9798 7798
9798 9212
7798 6802
7798 8961
721 8030
6895 2790
6895 8891
2083 9571
2083 5356
3454 5494
5494 1866
4216 9577
8548 5284
8548 1069
1493 2947
6456 4778
5431 1298
5431 136
5431 9776
136 7874
9776 4422
677 1335
677 1603
1603 6420
5902 7185
7185 3897
3275 184
8014 4592
8014 1352
8014 3405
5457 4951
1208 3798
6396 1662
2272 5821
2272 2023
2272 5210
5821 5690
2023 1131
2023 7509
1131 509
7509 8233
7509 4106
9744 6784
9744 1970
6146 6508
6878 2723
6878 9906
2723 4317
2723 6975
9906 2816
5264 3638
3638 4042
3638 1326
4281 7849
4281 173
4281 283
7849 6541
8663 3298
6513 7445
6513 7556
5570 2409
2409 9819
5250 2618
2618 111
2899 8557
2899 2372
2899 9823
1109 1116
1109 3814
9955 4204
1099 7478
1099 5364
1099 49
4424 966
1501 8059
7436 6268
5657 2145
797 4942
2304 8662
2304 8518
8518 7560
8518 6587
5230 10
5230 4326
766 1915
766 571
1915 4399
5180 2648
5180 3232
5180 746
2648 8163
2648 7591
3232 3403
3232 8203
240 1960
240 670
344 1665
1758 4270
1758 8388
7391 7605
4498 1708
4498 333
4498 2454
4498 9632
4498 9548
333 4284
2454 9165
9632 3504
9548 8508
8152 6115
8152 2659
8152 4985
3711 3420
3420 5913
2121 3862
5084 601
5084 285
5084 4987
601 5291
9283 6323
6932 7305
8478 3891
8478 6909
6909 6169
9620 5137
8808 9957
8808 2706
5871 175
8798 3802
3802 6682
3802 2942
1490 8587
1490 7577
1490 7599
8587 5625
3810 3320
8432 9884
8432 9529
9884 7868
9935 8184
8184 9089
5470 8040
8111 2685
8111 4151
5043 8276
5043 2283
5043 3507
7587 7790
7790 343
7790 8166
7282 4379
7282 6567
3506 8235
3506 7467
162 4713
1756 3854
3854 6850
3854 3136
4340 8995
7024 9395
7024 9055
7024 986
9395 4320
9395 1169
5628 6117
6437 8826
6437 4902
3125 964
3125 2150
3125 8529
3125 5557
2150 754
8529 9635
8529 7807
2109 2816
9413 5020
5020 5865
6245 3819
6245 6007
3819 5877
3819 3761
3819 8803
9387 6616
7734 4947
7734 6435
4061 7846
1952 2071
8536 3246
3246 8904
9490 3986
3986 3757
2803 3660
2803 9821
2803 3571
2803 7502
3660 921
3660 1865
1811 5599
7174 5261
7174 679
5261 1375
6546 5288
3156 2563
2583 404
404 6789
1531 9654
1531 5618
8862 6663
8862 6777
8862 356
6777 9254
9597 2511
9597 8977
3712 3500
4440 898
898 8100
7010 9674
3592 9819
3592 917
3592 5284
3592 7567
7017 2816
3927 6623
3445 977
1379 8624
661 2881
2881 5535
3118 3286
3286 6361
1302 2058
1218 4872
7700 6411
7700 5244
7700 6992
6411 172
7069 6080
7069 1880
6080 2996
6080 5821
4095 1909
4095 4867
1909 3218
1909 4581
4867 8010
6031 9849
3855 4503
3855 7746
3855 4008
7481 3182
7481 6253
3182 6214
6253 1222
5050 4052
3439 2781
3439 4083
4083 9049
4083 7632
4083 8417
4083 5980
2131 8052
5063 168
168 3653
2332 9393
2332 7195
4961 774
4961 6634
6634 1886
8747 59
59 3505
6283 8906
6283 80
80 8259
80 6138
2688 3413
3413 9357
3230 698
698 5093
3409 6979
550 8554
550 3058
550 2058
3058 3798
1946 6565
1946 9890
6565 9872
5828 8177
5828 9323
1152 5647
7119 3325
7119 8417
8417 9870
8658 4349
8658 2490
2490 2868
4608 2157
4608 9543
2157 1536
2157 9073
2157 5926
5368 9142
4700 5763
5763 6725
2105 3447
4869 7311
4869 9827
7311 9111
7311 6238
1626 5462
1626 4837
5462 7244
4837 343
4837 4412
4837 2313
531 9425
9425 3383
340 5047
340 2985
340 5468
5047 2063
5468 7161
338 3593
9746 598
2366 9155
2366 8588
1850 4395
4395 1484
9341 2885
6772 6886
6772 9251
6772 7627
8918 8662
4527 7176
7639 779
779 1261
779 6783
3272 1772
3272 2093
3340 1670
7623 9621
9621 3347
9771 599
5337 9496
2608 1706
7175 1888
1524 242
9491 2938
2938 49
2938 8430
4157 776
4157 9065
4218 2027
8688 6945
1033 5970
1033 5530
5530 989
4325 907
8972 1219
8650 629
8650 9136
3013 5904
5904 1189
8884 7309
8884 5654
8884 9964
8884 4070
4070 4584
4070 8773
4839 3136
7545 1703
7545 322
7545 7615
1703 7198
7615 7289
7615 4633
9342 4308
1535 1553
3269 5222
5222 7612
3789 2310
3789 482
482 6723
482 480
4846 7598
7598 3330
7598 851
7598 7641
7598 2307
7156 3537
3537 1445
5652 3
1400 9794
1400 3160
5046 8869
5046 9211
8869 6207
7096 827
827 4822
1681 2937
1681 6627
6627 7580
8783 1414
3256 3978
8058 454
6894 8099
9429 8016
9971 6515
9739 9374
9739 9304
9374 9937
1669 6804
6804 8314
2672 6306
8512 7093
9975 5543
9975 1177
9975 9829
1177 2169
9829 5970
7908 5691
7908 33
5691 1933
2641 5
5 4487
5 4739
5 8018
289 7076
7076 700
4054 5632
5608 9373
9373 2392
3714 4813
4813 876
2204 9238
3390 9240
9240 8178
9240 8694
7785 5793
8134 9749
6061 4224
6061 6937
6061 9819
6061 5348
9908 5099
9908 5765
9908 4149
5099 1950
4327 3620
5346 4430
4502 868
868 7728
4852 5200
4852 2398
2398 3968
9788 185
7474 3021
7474 4423
4169 3208
3208 2416
3208 2577
3208 3337
3208 6920
4463 9745
628 9937
628 4425
4425 4311
6760 5223
5223 8770
236 9078
236 5491
236 4117
236 2896
4117 5254
4684 7259
4684 8160
5972 8213
5972 3700
533 2220
533 2644
2262 586
3018 7638
5843 7214
7214 4123
1011 6962
6962 8336
6962 8681
4767 6615
6615 6921
6615 2968
6615 2291
496 774
3139 3677
3139 6585
2298 5744
5744 1163
8017 4136
3580 9348
3580 3441
9382 4357
3911 3466
7933 9023
7933 2452
2452 2926
2368 5179
2682 6793
8164 6372
2316 1869
1497 4042
1497 7685
1580 8394
8394 8023
603 516
2147 2837
2147 2365
1546 5313
1546 6592
1546 9829
5313 4812
6592 7108
5159 8631
4121 8130
4121 5330
5330 7292
1536 2466
6177 5707
7015 599
780 666
666 413
8787 6797
6797 1919
254 2989
2989 3134
2989 6346
2412 2668
3243 8967
3243 6432
5253 5818
5253 3277
5253 4411
5818 696
348 466
96 1819
1819 2244
5272 4488
4488 6784
4488 9223
9774 1354
9774 351
9774 193
7530 4999
9026 3047
9026 3849
3047 7809
3849 8699
5994 3358
5994 4153
3358 4801
6378 5837
7407 6830
6830 1238
9717 9890
9717 707
1235 7380
7380 560
6403 4208
5592 866
5592 9007
5592 3395
5850 9061
5850 4420
4420 5333
9077 1031
9077 7374
9077 7139
9077 45
1031 2723
7139 2991
7139 1588
532 2907
532 9399
2907 7966
2048 7892
2048 1110
7892 4893
1110 6624
172 7361
5947 2193
2193 1905
4108 3154
4108 7951
4108 8729
9874 8767
9874 5565
9874 7344
8767 4934
8767 8858
7344 2180
8386 8210
1778 7097
1778 7721
7097 4652
7721 4653
5158 6232
5158 7071
7071 7398
2572 8362
2572 9162
8037 4633
4633 4892
7867 8989
7867 2887
7867 2686
7867 6324
2887 6663
6324 7627
2005 3056
2005 2760
2850 6438
2850 3416
6438 5021
6438 7754
2707 4777
2707 602
974 2541
2541 9005
3533 6608
3533 1334
3533 85
6608 9024
6608 4479
7672 5165
7672 2511
5613 1270
1270 1956
1270 7834
5742 7914
5742 8265
5742 6254
5742 3050
8265 3755
9756 9206
9756 5682
8007 2590
8007 8722
8007 3790
1411 8816
1411 219
1411 5514
1411 5738
1411 2732
5514 5064
8953 6887
6887 7178
3497 6331
9237 1014
9237 4459
1014 1154
8739 6817
8739 4182
8739 6390
4691 1226
5278 5571
5278 8163
6030 1361
1361 8370
2697 560
2919 8855
8855 1514
9492 8192
9492 9008
9492 3589
4146 5515
971 4679
5545 3704
7461 4045
438 4446
438 2404
438 4888
4446 4261
4446 3487
2404 5399
7596 6673
1210 2236
1210 4343
1210 1286
1286 9986
1286 1038
8598 6538
4927 6244
4017 5646
4017 5045
5045 5711
4275 2545
8715 3023
3023 720
1125 7600
7600 5955
34 9426
2794 4873
4873 8881
4873 6293
4873 5490
2895 7143
3606 4179
6836 9129
6836 9850
6836 7879
6836 54
9850 8664
178 1489
9907 8644
8644 4725
7433 7751
9439 7568
9439 6725
9630 5004
7388 1849
1849 3195
3424 2218
3424 9087
3424 5371
5371 9803
5371 7696
9816 6126
6126 8546
743 2900
743 5098
743 956
5098 430
956 498
956 9829
4079 35
35 6662
6207 9880
850 9163
850 2206
2206 3836
99 3803
99 9318
3803 87
1083 7624
1083 8698
7624 4793
112 6942
6942 8708
6942 2755
5031 1555
5031 5647
3472 7276
3472 9689
3472 6493
7276 9347
7276 6407
7276 2140
3499 6612
6342 4816
4816 2668
4816 3759
2375 8931
2375 3634
2375 7339
1427 4124
4124 3491
9670 8491
7204 4408
7204 244
7204 3206
4408 5123
244 3696
1978 7652
2786 7453
2786 495
7453 2818
7453 8877
8575 5295
8575 9894
8138 215
3574 2249
7127 8642
8642 2425
825 2915
2915 9619
8208 4958
8208 1937
4958 9987
4891 9023
5516 7203
5516 1706
7203 7712
7203 5220
3059 2373
3059 5090
8799 9268
8799 7581
7581 8174
3831 4147
4147 7686
2427 9137
1071 3378
3378 811
3378 323
4657 356
4657 3314
3314 1903
5807 1315
6524 7635
6524 9048
6524 7344
1788 4363
2163 8324
9902 9204
9902 676
676 3304
676 8803
4099 7537
7537 5336
7537 8615
3371 6442
9148 867
867 2079
3519 8477
3519 9442
3519 1622
5923 1367
5595 6747
8935 5254
5254 8826
5132 2513
2513 508
4098 6115
4098 1471
969 605
969 8348
8348 7402
4362 3825
4362 258
258 446
9846 5959
9846 1653
8730 7451
3904 5373
5373 1956
6820 4290
6820 740
4290 9278
740 5722
1539 4633
750 4676
4676 4012
4676 4258
2319 9920
6209 9679
9679 2636
9679 8988
9477 5499
6681 9583
6681 5120
9583 4530
9875 6636
9875 7309
1871 6578
1871 1988
6578 5042
627 9735
5402 5259
5259 6115
6067 2959
6067 6196
2959 9830
9968 768
9968 8657
9968 9310
3380 2759
6055 1585
5745 1017
5745 5986
6991 844
1551 2496
2496 5904
8127 8561
8127 3453
7459 5681
2214 4768
841 2223
2223 1973
1482 7140
7140 5833
5726 8497
5726 8380
5726 5053
9315 2588
3970 4473
3970 7880
3970 256
4473 4223
256 4644
9287 2213
9287 2113
3878 7695
3595 3110
896 1780
3800 6160
3800 1175
3800 9362
6009 5965
9882 2851
3613 9984
3613 7197
7197 1255
7673 9436
4834 5493
5677 3754
696 6589
3414 7604
3979 8912
3979 6163
8912 4369
8912 5443
6163 3210
8777 4357
320 9393
9542 5286
6675 4212
6675 720
3575 4899
4135 5066
4135 4851
5066 503
4851 7981
791 4518
8823 6983
6983 7269
8899 3007
5556 390
5488 4526
5488 9534
9242 7406
7548 5335
7548 5019
5048 4876
5048 8547
4876 2774
8182 3175
3175 993
9631 523
3464 3443
3443 6720
2035 5786
5786 5210
6198 2438
6684 847
6684 2891
2891 6662
2891 7571
2891 8360
4475 3664
4475 2056
2733 8495
9855 6021
6021 5962
3205 1723
3205 1320
3205 8493
7247 4940
4940 6388
5001 5307
6680 2526
6680 4996
4996 2603
375 3639
9549 1148
1428 1611
6413 5164
8636 9652
7629 9932
7629 1648
4116 8266
4116 4958
8266 979
2201 8713
2201 1207
1207 4364
1207 2435
1207 7426
6587 2187
7138 2002
2002 6115
439 4316
4316 3404
1826 4562
8076 7402
8076 2050
2050 7687
2050 1688
9258 2348
9258 8710
3951 114
114 4136
114 6685
114 1496
1143 2353
1143 9748
2353 5634
2353 3818
4088 8475
8679 2213
8679 1674
8679 538
1674 8461
1674 2800
8804 5720
9682 3229
9682 7375
7375 2615
4080 95
4080 7503
9052 2030
9052 1042
4390 5802
4390 1707
5802 367
4085 4292
8881 8310
6293 8217
6065 2962
8749 9980
9329 8170
294 1301
1301 7728
1005 2191
222 7089
234 2954
234 9811
234 7954
234 2376
9811 4012
9811 9005
9811 4341
857 522
857 8323
6927 9288
6927 913
913 4163
529 4993
529 4761
7437 4975
4975 7710
838 1046
1046 8158
4782 8569
4782 4068
4068 79
943 5912
943 5557
4737 8736
4737 5437
4737 4929
4737 2386
8736 4609
8736 3914
9248 393
3616 1674
8016 7561
8328 8
8328 6150
5674 2574
5674 4344
5674 4123
4344 7249
9740 1645
1185 5499
3428 2423
2423 6976
9308 7229
7229 6439
919 6116
919 8590
919 7055
6116 1673
6116 9887
8655 501
6905 8069
8069 6586
8332 8617
8332 576
576 3582
7302 60
5438 7947
5438 6650
3231 7815
8352 6068
9643 6662
3721 6484
3721 436
5967 369
369 8047
4628 1182
9316 6841
9316 5743
6841 846
6841 4599
7477 3088
7477 686
1735 9073
3022 3830
3022 7346
1292 1066
8545 9752
8545 964
6512 2008
2008 8383
293 4936
3172 2984
3389 7239
3389 6326
3389 8690
6631 1077
6631 6971
1077 3974
9719 6901
9719 4896
9719 7723
4896 5550
7723 1475
3280 6040
6040 2586
2465 5644
2465 7309
7634 1776
7634 5160
7634 3763
1692 4018
1692 524
9378 9784
9378 5551
9378 1284
9378 2089
9378 4650
9784 5552
1284 1633
1284 6731
1284 295
2988 2065
4060 9651
8521 8473
8521 4563
8521 9995
7519 7764
6720 6990
5367 1403
3159 9293
9293 2244
6004 6694
6694 6974
5485 8185
9822 8502
318 7100
9176 668
9176 360
9176 1470
9176 1518
668 355
360 2007
1470 8591
9954 634
379 2336
379 509
1499 2462
1499 277
277 8815
2945 7698
2945 7164
7164 6008
7164 1823
7164 5490
2434 9497
9497 9154
239 5759
958 504
5555 4969
5555 195
5555 800
800 5397
5546 5644
1086 511
1086 7112
1086 757
1086 5543
3824 6737
3824 6227
5980 3775
5980 5286
6862 8464
9039 6926
9299 3930
3930 3413
4438 2593
4438 5442
2086 4446
2086 3352
2086 1886
3352 1856
4271 9895
4271 6695
9895 8053
9895 7161
9895 4750
9895 2999
6695 316
4471 5696
4471 6007
4471 9803
5696 518
1964 2525
4462 3065
1355 9638
1355 3462
9638 9055
3462 5392
3462 3530
3920 4514
3920 8825
3833 5533
5533 4407
2740 1351
2740 5955
1351 2245
3356 109
2324 498
2324 6236
7829 5961
5961 5934
5961 1761
5575 8340
5575 1396
5575 7494
1396 4823
2807 4533
4533 1594
6073 370
5739 8352
5739 8987
2242 5236
9599 80
8573 9437
5919 3496
5919 6506
5919 6983
7781 3663
3663 984
5874 305
305 8415
4084 8789
23 7637
23 5597
23 9353
5597 7889
6591 1366
6519 5565
2359 3921
2359 1250
9660 4870
9660 5020
9660 5719
4870 706
3094 9471
9471 1601
6337 2980
5580 2824
2824 3066
2824 8988
2824 7868
9018 7963
9018 1767
9876 7270
9876 1365
1180 1401
1401 2410
4584 8554
4584 5966
1905 1662
9199 9209
2894 6565
5731 7889
4097 1396
243 9160
2797 5058
4639 3060
4639 4091
4639 3674
3060 5342
4091 2058
3674 8466
833 3421
3421 5459
2519 6802
2519 9749
2519 6603
5791 7890
5791 3522
5791 5086
5791 8372
7562 7726
7562 4356
6367 91
91 6317
91 9206
6929 1366
6929 4307
4307 4886
6545 8128
8128 4586
8983 9887
9072 9755
8391 3289
8391 8382
9351 1213
9351 3375
536 7715
7411 5618
7411 9475
7918 1094
6107 9861
7275 694
3440 9516
574 6141
595 7091
595 32
7091 8699
7264 4982
4982 1388
8893 8901
6138 543
1338 277
423 2280
2280 8507
2280 4217
2280 9139
2280 7333
3317 4234
4258 7239
3461 336
3461 7403
7403 86
9868 5645
9868 4431
9868 5195
4431 8324
4431 32
4431 5456
5195 4748
5195 4279
5255 4
5255 143
4134 3690
1258 4050
1258 7335
7335 8055
6206 6806
6206 1700
6806 7403
3867 9775
816 5660
816 5978
4107 4531
4107 5812
8139 515
1979 4991
281 7495
7495 8187
7495 7754
5381 6242
7862 1419
1419 9325
139 6410
4571 911
911 2017
680 6191
680 6190
6191 7998
3518 2939
3518 8473
5476 7322
5476 1473
7322 2309
7322 7638
1473 8234
3601 8307
5074 9253
8687 322
8687 7236
7355 8880
7355 6023
9627 4458
9627 3311
4458 7053
3311 9212
2037 2196
8682 7970
7970 5962
2530 2809
2530 1126
1126 4588
1126 3975
7989 672
7989 9482
7989 8970
7312 9390
9390 1590
3165 1126
2986 1157
2986 7927
2318 5602
9847 75
8754 5776
2910 3447
4734 689
4734 223
689 2307
3910 7992
7992 8233
7992 4942
7992 1289
2303 2955
2303 8146
8146 3296
7987 4310
7113 6345
4950 8452
4950 129
4950 752
8452 8566
129 5270
2078 4888
7842 5961
7842 3330
2575 3974
2575 8398
820 3863
820 4681
3863 8204
9070 9110
9110 6689
8157 6199
5344 1491
5344 3143
8672 3200
8672 5354
8672 6277
3200 1619
6277 7775
3042 3342
3342 7434
3342 5618
1951 1161
1951 3056
2060 2893
2060 2755
2893 6390
9656 4162
5920 6997
6997 9588
510 7326
510 201
7389 6585
7389 2884
2884 2690
2884 6391
7278 7986
7278 2708
2708 470
4428 2891
51 7152
51 545
4374 9759
9759 6168
5521 9205
9205 1558
1303 35
9311 6597
9311 726
2029 1596
2029 2464
2029 2012
2012 9395
207 7139
207 5209
733 7321
733 1426
733 6018
7321 5692
8466 9330
326 9282
5771 7904
5771 335
5771 704
335 8943
335 7655
704 3259
704 192
7801 3969
3969 1487
7410 8763
6936 8923
148 3842
3212 8100
3115 9390
3115 4776
3115 2736
4776 8914
9193 5413
3369 5753
4456 6455
4456 1968
3038 6003
3038 3899
3899 9950
3899 7619
7817 705
9575 6242
7297 8383
893 2456
893 6842
2769 6202
1508 117
117 3932
117 8690
946 6722
946 464
3242 3297
3242 9409
3297 5004
8305 5292
8305 8588
2046 9246
2046 5195
8571 7533
7331 4866
7331 5692
3562 9843
3562 8322
3562 5479
1013 955
9296 6478
8567 5666
4638 5558
2968 2649
9522 1567
3351 7374
2326 4715
9701 6653
9701 9388
9701 8133
6653 4945
9388 1982
7943 9555
9555 3189
5276 1587
1587 2334
4262 1051
4262 300
8813 6685
5610 6294
5610 9280
3696 4714
166 1766
1766 653
3074 3548
3074 4266
3548 880
5113 6433
9397 714
9397 299
7290 6768
2397 6720
2127 8762
8762 4677
1802 8923
1802 613
613 5564
613 9303
4247 1682
1682 6149
4801 9227
6496 9931
6496 4238
9931 9635
9931 4971
9802 3462
8945 4402
4429 1429
4429 2210
1429 4237
1429 4337
1119 3565
1119 7837
3565 5647
5122 8213
5122 8915
246 2790
2776 6125
658 3069
3069 5786
1368 151
1883 9033
9033 204
9356 3608
3608 233
3608 7608
5803 8635
8635 1536
2772 7889
2772 7482
7701 8502
9709 9294
8867 2859
2859 3239
8526 6120
8526 5171
2868 7809
2868 5738
7126 2677
7126 4903
4903 1385
2841 2851
5433 5478
5478 2142
6813 6960
8350 6171
8350 4200
4200 2176
3745 4452
3745 2735
3745 5641
5641 5733
2369 6250
7694 8264
8264 7920
7277 3145
7277 6289
3145 6136
6289 7746
8812 5925
8812 2955
6446 9959
4472 5527
5527 5918
5527 3496
9131 1329
8769 3099
3099 7336
6593 8415
5954 7370
5954 8136
7370 4937
954 1894
954 9084
8347 1621
1341 2484
2333 5938
2333 6670
6670 5889
2445 5725
2445 7910
673 5240
673 6126
673 9858
673 2946
8097 5808
8097 9831
2106 1030
1030 245
5088 6322
5860 6043
6043 5895
4906 9807
9807 9099
4450 4941
1577 2700
7857 7421
5128 9001
5128 4735
4880 6868
2848 642
9624 3029
3010 7406
3010 1023
3010 4183
4059 9445
1652 3178
1652 3818
8414 808
2225 8513
2225 915
7050 7815
7675 7383
7383 577
2542 5142
2542 8423
5764 479
1381 1422
3274 8039
3274 6154
6154 8786
6154 6389
1459 9082
9082 9399
9082 6723
7469 9759
5040 2892
2892 5301
5878 98
4278 8623
588 8302
588 5157
5697 2451
8286 478
2558 4128
2558 9978
4128 7757
4128 2219
5078 3776
594 6118
6118 9265
4253 2288
8880 3863
8880 6435
8300 8782
5225 4557
2604 4360
4360 8202
230 475
7415 6202
1232 422
422 7383
4294 526
4294 753
3295 534
9347 6875
6407 3272
6407 6399
610 5894
2276 129
8467 4790
8467 4351
4790 6736
4351 7449
1812 8021
1812 2498
2498 4114
4965 9803
4965 5211
4965 8084
5211 3989
8084 8710
9857 5389
9598 3290
9598 6795
6795 616
6795 7849
5673 8211
8211 9614
2748 3065
12 768
12 746
1657 3303
3303 6480
3398 342
6295 2578
6205 8505
8505 9276
5111 7721
5111 9437
1931 6323
1931 5907
5489 3240
3989 7476
71 4401
4346 1534
4346 9637
1534 5598
1451 6125
6977 7526
6977 5765
6977 7103
6977 528
7526 3255
2714 8093
2714 1560
1560 8707
1560 2421
6844 7509
3997 4599
8670 7
8670 5323
7 1684
5323 8757
6328 5474
5038 4511
383 6187
732 5831
6607 6043
6607 1544
1544 9564
3647 4683
3647 9667
3647 9922
9922 8491
5601 3909
1060 8987
1060 3395
339 8238
339 573
8238 8274
8238 1887
1634 4904
1634 4812
4904 6406
4812 8592
4773 1276
2205 7837
4536 3622
4536 4313
4313 7048
6667 6775
6775 1792
6354 2827
5041 6106
3777 5736
5372 7100
4173 9814
9814 4212
8174 4349
4496 3102
937 5030
6757 3386
6757 5455
5455 8788
4048 4360
1526 5320
1526 2580
386 7733
5529 284
284 1976
7168 6210
9187 32
5784 9814
5784 4980
4980 2860
2600 9532
3300 1026
6812 8656
3180 7305
3180 912
912 540
3768 7008
7008 6843
100 6981
100 186
100 8322
6981 8974
186 8043
1171 7539
7786 9020
9020 9644
5854 3203
6963 904
2858 2055
2858 5165
4719 382
382 583
5819 9267
9267 9555
6712 4019
546 1244
6833 251
3598 2954
7676 4913
772 9677
772 3429
9677 3221
6477 4981
6477 5382
4981 7692
3264 453
6368 6841
1436 853
9917 4859
9917 7617
4016 2392
2392 7541
1015 8295
7571 9310
1480 4749
1283 4558
4558 9217
3661 1892
547 5686
5797 8693
5797 3169
5797 9828
1786 7739
4449 538
4449 8857
3566 6777
3566 636
1457 6821
5460 9940
2999 7802
2999 726
4823 7233
4823 4543
4823 3255
4893 1080
7198 7602
7198 2374
973 1852
9028 4142
8476 358
8476 6145
358 2896
6145 3548
7317 5686
7317 6300
3901 6592
7104 1233
1233 195
1717 188
1717 6296
1717 6730
1717 2436
6730 4707
6730 3960
9483 3164
7948 2442
2442 2081
1137 8755
3028 8865
7776 8242
8242 1545
8242 4957
8242 8570
2248 1832
1832 6482
1953 2620
2722 3758
3758 4563
6391 8102
7046 4751
7046 7575
7603 4818
3276 1158
9063 7386
7386 8429
7386 8732
7386 4928
7386 1402
8222 4518
885 4933
8591 7373
7030 1074
7414 6256
7414 4777
7414 9672
9672 1718
7960 5869
3778 9867
3778 3529
3778 4104
4104 8673
3669 16
3669 3561
87 4205
8716 931
931 1741
8768 425
3971 7042
3971 3029
4959 9233
9233 5249
9095 907
8850 398
8850 6683
6262 978
6262 1061
1378 290
1378 7143
1378 4246
290 9530
398 3184
6683 3976
3391 7850
7850 6204
4470 3030
8232 2290
3437 523
3299 2018
1395 8176
5992 7095
5992 6688
5187 7590
182 1569
1503 8314
4901 2591
2591 7476
5733 9482
8784 3430
8784 6896
3430 425
3430 1555
4381 8600
899 7394
7394 275
7394 3799
8966 1191
8966 9318
8966 9679
1191 649
1191 8771
6264 3346
2358 60
2358 3919
855 8732
4185 8623
4185 1474
1474 7143
1474 5624
1712 4341
5724 6448
1554 4454
1554 3452
7985 6284
7985 7003
7003 4476
7003 7374
8843 3727
8991 2755
7939 1804
6228 4067
6606 7270
6915 6480
4032 9588
4032 7881
3554 181
7083 8914
7083 4287
8914 8205
3567 6281
6918 1623
1623 4416
8419 4180
4232 4290
4232 541
506 5505
5505 2779
3697 6983
7449 2515
9953 6429
9953 9749
9953 9662
4727 123
4727 1356
7246 2508
2195 6491
6491 279
6491 4749
9541 7336
5312 6153
5312 3938
9259 102
9259 4911
102 4716
183 5762
197 1169
197 1098
6686 6867
1485 8606
3797 7153
7153 813
9618 3773
9618 8551
8089 6451
8089 3771
9297 4122
9297 8411
4122 395
4336 5242
6781 3761
7713 1129
758 8770
3680 5054
7441 7714
7441 2825
7714 5104
2825 9324
593 3892
3960 4598
9707 1615
9707 5892
9707 1740
9707 8005
2581 7543
2581 1992
9470 5664
9470 9433
3008 8895
6173 7605
6173 2550
6173 3858
6173 6789
1516 1598
7729 3021
7729 4423
4264 5380
5380 8584
5380 7094
9703 3658
3658 7819
3658 8543
1463 1069
1464 4817
253 6891
1655 7188
1655 2595
1655 5939
7188 2098
2267 6350
1424 5196
5196 2003
6499 503
4605 4617
3832 979
3832 4298
1054 9691
3382 5599
3382 4189
3382 3321
1104 2325
4025 6249
619 5408
619 2676
5408 4616
5408 1174
5408 7936
5408 4865
9535 7105
352 4038
352 8709
352 3383
3337 1504
6920 1442
13 846
846 1238
846 3882
461 8437
5624 3498
7310 7223
6527 9632
9068 3017
9068 5172
9068 6666
5204 1186
1186 5157
6706 9789
6706 1958
9789 2198
9789 4298
2834 8452
6647 1216
6647 7979
1216 9396
7979 2839
7979 9754
6613 7220
8701 4614
4614 911
8664 2405
8664 4324
4948 7710
4948 9668
6164 8394
4053 1429
4053 7980
4053 1454
7980 5070
7980 4578
8873 4044
8873 7564
4044 6129
5729 9380
4483 6630
3625 4586
3625 5408
3625 3241
4315 1239
4315 6703
1239 6346
8337 191
8337 7754
1591 57
8462 8677
8677 6130
4705 7904
7689 7385
7689 364
4952 1969
7295 9102
9102 4867
3427 7122
4131 4419
4131 4721
683 8086
8937 8039
8815 5410
6415 9811
1613 7385
9751 2985
9751 3305
3305 9748
3305 8046
2337 7954
7006 4630
7006 4819
1764 8005
5815 6816
5815 7852
7852 9911
7852 3571
7843 1799
1724 4932
4932 7428
4932 3026
4932 1238
4932 6235
5304 6755
2 5648
2088 951
1996 6023
4519 5308
8926 1521
1521 3783
1521 7720
1521 6316
2679 9731
3996 7726
1935 712
1935 9030
1935 3352
9030 6104
3048 1651
1646 3858
1646 889
4781 2596
9521 7095
2433 8326
9448 203
9448 3149
8980 9213
8980 7881
9213 6992
1933 7624
7975 9931
5708 1895
2125 2069
2069 3798
2069 5832
8246 4775
8246 8639
8246 6276
4910 3501
525 1656
1458 5096
5096 4824
7159 2393
7159 2395
7159 9988
7405 8237
8237 6012
6022 4309
4309 8060
999 5701
4581 631
3713 1398
5782 3345
3345 2180
5552 784
5755 9763
4569 4653
4569 4119
9664 1035
2626 4162
7841 2062
6387 6588
6588 777
6644 9564
8651 3346
8651 5142
9363 8712
9430 7072
9430 7182
9430 4292
9143 6999
6100 9433
4597 6052
1362 9291
3817 1487
8427 4543
8427 8100
5051 9412
8180 3178
2371 5093
3699 9029
9005 7997
8599 4052
2432 8323
961 553
553 5769
2861 9133
9133 2761
4120 3196
3196 7638
1939 6429
8934 9238
232 8883
232 6416
8883 2724
9581 4704
9581 2658
4704 9804
4704 7256
3584 9865
3584 7305
9865 956
3735 6023
9928 2454
9685 996
996 4899
8603 4189
8603 1363
8603 7876
9911 4788
5212 4040
5212 980
821 1869
5430 6727
5430 9838
6727 8541
9385 5509
3287 6891
6309 1343
3539 8315
3539 9929
3539 686
9929 5831
8288 5959
2569 9570
9570 8251
8997 1268
2943 7354
2943 1673
1910 6770
1910 8239
8239 4819
6827 1089
8357 9737
7393 296
7393 5044
296 4368
296 5205
296 8479
8824 2484
8824 3468
8727 8684
8727 788
8684 6523
7189 6553
6553 9126
6553 228
2362 3442
3442 5267
5769 659
3626 4283
3626 1174
4283 1023
4283 4359
4283 832
6554 7874
4328 6459
8756 968
8756 8299
6068 3099
9114 4480
2764 1544
1076 6425
1076 7709
6425 792
5685 1938
26 9673
9673 1296
5756 916
9686 7413
9686 2160
7413 3344
6028 5307
6028 6789
6327 6479
983 1966
3502 2200
2200 7620
6317 322
7929 1049
1049 756
1049 5514
7957 2599
2599 9374
1635 3009
437 5340
3456 2142
4073 3856
4011 9837
2931 6233
1073 1301
1073 4528
1073 5817
4528 1637
5817 4707
2524 4640
2524 3792
925 7645
315 5941
8910 2518
6840 9032
8273 748
6692 6978
4733 8586
4733 7572
8586 1847
624 4840
590 7453
5795 4466
872 1594
9710 8342
8481 9791
8481 2953
2953 4178
6916 495
2108 9998
9998 8551
6923 2965
933 3161
3161 4163
4919 5504
7538 6793
7073 6092
1479 341
341 8838
341 1371
4118 87
8564 1484
8564 5987
8564 7922
9885 2062
2888 6674
2888 4832
1556 7966
6872 8590
6872 4739
7074 3935
7074 4706
3935 7773
1467 5440
1467 1616
1065 1239
5542 7125
7162 6021
1781 3939
4966 6260
5287 7480
6203 6487
6203 5058
9600 6509
1790 9055
6269 9364
6269 282
6269 9306
9306 9389
9705 3769
357 3267
8515 5682
3587 9616
8107 3192
8008 8211
5976 1904
5976 708
9678 1314
9678 4968
4968 2186
5703 5434
5434 1517
3343 717
717 2243
717 9950
9944 8466
9773 8228
5119 7535
9400 6979
928 5783
6600 2587
6600 7759
5453 4026
5453 8460
5453 2951
2951 3802
9422 9548
221 8130
221 7109
206 7356
4484 6046
3724 4425
9424 8683
9446 6925
6925 6302
6925 4560
6925 1791
6925 7386
4301 7751
7021 8140
8140 564
8140 1106
2367 9440
9440 7606
5704 9909
9909 4276
9909 6821
9511 9515
9511 8795
9515 3593
6874 8996
6874 5123
5540 8970
5540 9317
9572 1695
9271 9247
6532 3105
3332 7584
7744 7897
5277 6439
4900 8188
4900 9992
4900 9169
8188 7870
9992 9279
4441 455
874 2923
2016 4937
4937 6636
3235 7952
3235 3610
6123 8718
2331 2913
3760 3162
7750 6697
7750 7241
2402 810
5702 4492
4492 6249
2870 1064
2870 9903
2870 8779
8779 9207
8779 5291
8779 9604
5781 591
6302 9272
9127 5660
5511 156
3805 8357
4668 4844
1679 2570
1679 8126
4779 5193
5061 3531
5061 3887
1192 1602
1192 990
1192 2033
1602 2382
131 9663
5881 5019
5881 7100
5881 1207
5441 9416
424 7822
7651 1061
8124 4425
5889 3261
8618 8513
6200 1214
6200 390
6200 9008
1214 4622
6462 7895
8562 3306
2102 7825
7825 6855
8771 5926
8771 7160
2655 8050
8524 4213
5417 321
5387 9669
5387 2723
5387 2428
6970 8033
8964 1816
8964 826
826 1374
9145 5213
5213 7337
5062 4298
6026 3731
1347 3672
6471 684
6471 4233
6471 8160
8387 2051
8387 2767
2051 2349
4620 5864
2354 1779
2354 4716
3710 8773
2950 655
5524 2334
279 5751
3752 3190
3752 9207
120 3402
3402 9213
4986 9564
6039 9983
9983 2472
9983 4413
9927 9754
6664 8009
4850 3160
4850 1849
4717 298
4717 3065
8602 4672
4672 3820
9507 5983
8556 2442
1785 2650
8043 3475
3197 42
5350 1637
2170 9830
2170 2758
2758 6474
2758 3313
9692 5103
5103 5463
5103 385
153 322
2287 7136
2287 1487
2287 2174
2174 3122
4755 1063
4755 370
9704 2253
1716 6715
1716 2080
4577 9826
4960 185
5377 2313
5377 6383
5377 5506
6383 962
4111 4152
9081 3442
7705 3056
9809 9192
1537 5609
5800 5597
641 9216
9216 4236
6525 3441
6525 1280
1280 3909
8087 9031
3564 2476
3564 8224
8224 5741
7540 3395
7540 6718
7540 1610
6718 1496
6718 1794
9859 9235
554 9736
9736 3740
9736 5946
1704 8671
9595 3432
4652 2234
4652 4280
4652 6892
6257 1118
6257 3250
6257 5240
9982 5176
2387 2554
4365 1174
9495 3432
9174 6075
9174 7146
1252 5191
2444 6136
8171 9893
9893 6239
730 4709
6188 8576
5998 9217
7769 5147
362 3945
3945 2744
5969 4692
9904 4304
9904 7698
4304 4276
3219 2186
6090 7585
4883 6975
687 507
6292 8863
4770 1869
4770 1336
1336 4616
8143 6693
8143 6316
6316 8994
2669 1231
923 7489
7489 6754
7489 5358
7778 5647
3124 4
3124 5896
3449 3410
3410 4754
4920 409
4920 3812
4920 8871
3812 2857
3812 4375
3812 6776
8378 7110
7110 5744
2730 3852
3659 8178
3659 6468
3270 9192
8321 4861
4861 5687
3087 8847
3087 5228
5228 67
8110 3846
8110 3323
3323 5291
7688 4176
7688 87
3213 7144
8876 2677
6621 9883
2536 2499
2499 9785
663 2118
663 8956
9006 1241
9044 7859
8397 688
7807 1624
18 4370
18 4156
18 6352
3400 5508
2381 5913
3954 470
8425 7733
8425 2482
9152 2052
2052 3858
6943 5939
9118 7422
9947 8619
9947 9616
1249 3037
1854 9290
4285 7681
7681 2902
8316 7853
7211 3005
3005 9260
7866 4497
7866 2905
2905 6652
1710 4582
4241 2495
2495 2953
9194 552
552 6062
5131 9388
5131 2151
8363 4257
4257 5865
4257 4677
7909 5989
5989 201
4479 432
3035 3908
6863 5611
5730 2938
4712 6635
4712 5935
6635 4867
5935 7767
759 3839
3839 5039
7244 3686
6548 8507
8153 6344
6344 4510
5531 3757
9463 1789
7831 4820
4820 6114
7631 8849
8088 2269
8088 3650
8088 7480
3650 3659
9004 5066
9004 6474
7111 9125
9125 2629
9125 1025
2103 7192
468 6419
6559 2838
6559 1972
2838 2482
5550 1422
8958 9301
4632 8202
6122 441
441 2557
9165 1326
2292 781
2292 6336
2292 558
869 1462
8186 9064
927 1687
1814 5182
7272 3676
7272 4306
3676 6105
4306 6482
199 3944
199 6666
3944 2218
9562 9038
3211 2915
9842 5811
9842 4637
4637 2677
5403 6597
8377 3924
3924 7860
9277 7102
9277 4821
8271 8996
7384 5065
5065 4609
9503 2380
1413 8265
1413 8220
8494 724
9468 2001
9468 9472
4922 8099
4922 442
4922 2377
116 9336
1759 9010
8225 3137
8225 4540
8225 9932
4540 6333
4272 322
4272 1014
7678 2466
421 7607
7607 9384
7607 7821
9182 4175
9069 7440
9604 8078
4106 8424
5185 6633
7988 653
4983 4589
3993 6284
5143 4418
4418 5892
7953 7835
3877 3754
3877 8737
3127 2039
9594 2138
9594 6454
9594 9403
2138 9318
9896 1035
5950 5140
5140 1240
5140 7807
4092 751
7400 6725
581 1955
1955 9603
1955 4827
852 4400
5406 7536
7536 6985
5471 8557
5471 1040
1808 9973
1808 8094
4494 9672
4337 6068
9777 4432
2110 296
6719 1120
6719 2586
2586 3709
6074 2607
6967 6947
6967 9403
6967 6568
6967 1345
5343 8084
3106 7658
8119 5934
5985 5966
5985 365
5985 9711
5985 9812
9711 5692
9812 6663
1984 9681
1984 9200
9200 5342
8458 640
6657 5331
5331 3277
3826 4277
6443 8678
3525 9683
3525 2564
9683 9755
6576 1514
9043 6298
2584 2623
4758 3823
4758 9844
1492 5593
818 4387
3142 10
3142 1780
3142 1849
2238 2915
2238 5474
6782 5643
6782 5189
6156 4973
2863 6515
8343 494
8821 636
8821 4261
4288 9354
70 7153
7190 3438
4353 3058
4353 8051
3338 1600
130 5513
130 5883
3705 4385
3705 6960
3705 7857
4385 6409
4385 3505
4662 7549
6230 1590
6230 5170
6230 4436
3730 8984
3730 4338
8404 4265
9728 2079
9728 1164
1164 7343
7404 1914
2330 8840
8840 3829
1197 7091
5205 5615
8074 1913
6522 4436
6522 2930
6986 2328
3002 8889
7397 8195
5026 2435
5026 4752
5026 39
7000 1550
7000 62
62 4549
1028 2033
3681 7914
8752 2968
8752 3746
8752 3982
8752 6453
8620 3288
217 8924
8924 4452
9256 5466
8628 4981
2084 6125
6536 5565
6536 2911
179 9449
5534 5047
7142 1867
7142 5940
6241 5107
2814 8585
9146 3853
3657 583
1275 4751
1275 8033
1275 9334
9629 6937
6222 8961
8961 5504
8962 2146
6763 8223
8223 6535
8223 5865
8023 8508
176 1636
176 7323
8046 8330
7932 5484
7932 9977
5484 3808
2221 6276
2221 6993
6993 3463
1456 9327
9411 7379
9411 1106
9411 9190
7238 9757
83 2640
83 4213
83 8137
497 6485
736 4022
1200 2493
5155 2284
2446 7625
9512 4718
3418 7475
3418 3876
7475 992
3876 4511
3876 7485
6094 6440
7114 7359
7002 3014
7002 500
7002 3559
500 2832
500 2279
5577 4843
5577 9281
4843 2363
9281 5787
4575 7608
4575 4970
9747 2212
5693 7626
7626 3337
5492 2528
5554 2317
7708 7928
7708 6708
7708 6758
6758 2689
4988 7110
4934 3504
8858 2159
884 9804
1452 1472
1452 8361
1472 7057
5780 3482
5780 2038
3603 8984
7722 4392
7722 4763
4392 6284
4392 2322
4392 1970
9596 3885
9596 6383
4192 4747
4192 2783
4747 469
4747 9516
4610 2762
5517 474
474 7181
3543 1869
2594 5052
2594 1642
2594 5410
2346 8262
8262 8353
8262 5707
8262 1349
3404 9780
9733 9926
9733 90
5241 3638
5241 9938
3767 9153
1225 4318
1225 6886
4318 5338
8838 3206
1183 5510
9178 6215
1224 9236
9765 6875
7155 682
7155 434
682 3098
434 86
434 5718
1488 1853
1853 618
3262 4644
4644 1181
4644 1793
3385 7285
3385 596
3385 2681
7285 9505
7285 1534
596 3690
8249 8520
3772 3868
3868 5085
3353 8517
3353 2159
3353 1750
8517 6150
8517 1004
1750 9265
6330 6697
1306 8677
1887 8675
27 5502
9260 881
6959 3399
3631 3122
3631 3591
3591 4491
373 6748
6748 3950
3628 5538
9693 7855
8395 3978
8395 9984
8045 9569
8045 7665
7169 8445
6794 3296
8870 2406
8870 6317
2704 3222
2704 769
2709 3700
7419 2136
5572 1154
3258 1930
451 4647
4670 9201
7022 29
29 8854
7864 1645
5981 4664
5981 9523
1447 5963
2615 8918
237 965
237 831
965 388
719 223
4311 3335
3095 2042
1141 4103
8095 1798
8095 6034
4564 9295
4564 8018
4564 3131
3583 776
4956 2062
7262 9604
7262 7322
7262 7438
1481 8459
4954 2873
4954 8191
9609 6568
4194 800
7382 1948
7382 5057
1948 9405
3612 8384
6144 181
7470 2273
8566 2469
9559 7234
9734 8204
9734 3937
662 4586
9949 325
9255 6842
7296 7143
1160 5351
5351 6070
1805 3053
4831 740
1831 8961
8541 9009
1434 2686
1434 4588
8791 9304
7903 6596
7903 2388
2388 5345
993 6748
796 7535
796 1851
7372 3248
9223 9154
5806 8276
1435 6268
1435 8605
9942 8407
7812 2972
5713 7973
7654 2486
3881 807
1004 5089
1004 4035
5567 8051
1274 1254
350 4354
3644 5813
3644 6766
6315 3392
6315 1762
8552 5164
6013 5215
5215 274
9111 8540
1263 8364
7124 5793
7124 8577
8577 3578
1729 7386
6255 4387
922 2383
9741 3306
8025 6082
4738 7638
5262 4444
4444 6785
953 880
9391 5342
2799 1843
2185 2325
2185 4289
5676 4785
4443 4500
5822 894
5124 7319
5124 3532
7319 4622
4898 7363
2340 5804
2340 7475
3423 7870
5208 4355
73 952
952 5258
7233 705
7233 2766
3255 6785
1448 5632
7542 7746
2751 7714
2751 7979
5451 7076
4585 956
1135 713
6051 2971
7578 9464
9464 3238
9119 9002
9002 1676
9714 466
9714 6457
5265 3862
8385 3834
7938 6484
8872 3720
9406 58
9406 9901
97 3586
1661 1118
6902 8400
6902 9014
9014 1453
3471 5345
6676 264
6676 63
1956 5141
44 3769
44 2930
9800 4245
5798 9125
5798 227
834 3199
834 5769
566 325
4576 4382
4576 9712
4576 9824
4660 6298
4660 3384
5905 7294
4541 3084
8402 3985
3985 3635
5679 1701
1701 1558
5501 604
9188 7370
4914 2263
4914 8695
8695 6638
8438 1374
1374 7860
4603 1609
1609 110
5169 5503
1614 9762
9762 4513
9762 982
7647 5317
5317 5510
4720 4480
9790 6511
9790 8435
3515 9810
9810 4419
9810 6784
4521 8955
1571 3675
1571 889
5149 1962
2255 3743
6130 1080
4611 2659
1643 2056
1643 5760
1885 3949
3896 5557
6622 1024
4977 7215
9384 8486
9384 4934
7821 4601
4590 9608
8853 895
895 6111
940 3370
7554 6921
2538 2394
8167 6529
8167 194
8167 2671
7885 9038
8890 4891
4858 5968
9244 798
798 8576
798 4630
798 1053
6669 6749
1254 472
1898 5871
1898 4400
6414 9109
7345 8430
5584 6450
5246 7062
7062 3031
5589 6732
5589 1273
1273 6805
6076 174
5560 9087
4413 4094
3556 8748
9083 3588
9083 7196
428 5235
2678 4178
2678 3733
3733 6096
761 6562
4069 4584
4069 3834
8744 6024
5133 3784
2391 3196
6893 2935
6893 864
864 6502
864 856
2215 1322
6147 6434
1667 8231
4206 3862
9058 4319
4319 1489
2839 3759
5480 4291
4291 1523
7819 5762
5680 3081
9215 519
24 1064
9042 110
1597 2860
1597 4183
6754 2119
9012 223
1882 2973
2973 4892
5979 4091
9647 6633
8673 3621
7762 7080
5553 9427
6062 5659
6071 4688
6071 7561
1380 3331
1380 4392
2819 8614
2819 2374
2396 9339
2396 2677
6161 3206
119 4582
8392 2652
2652 7088
2177 9715
4226 3615
4226 3798
3615 6982
7906 7346
7906 3623
7767 3695
5879 4178
7877 7431
7877 2054
8351 6450
5839 8490
5839 201
5839 9099
8114 9782
8114 9615
8114 926
9675 902
7443 847
4268 7287
7287 6876
606 3691
856 2544
3538 4329
3538 92
4329 6169
6358 5292
7941 3816
7950 279
2793 8742
2793 3524
3228 4695
3228 9555
4787 8072
8072 2056
8145 4469
4469 4201
7942 2755
103 6829
967 2176
6079 892
6079 7383
7057 3331
2073 466
5528 8492
8492 3939
839 448
839 7383
1943 3597
992 9887
585 9613
585 7184
2798 6914
7797 2783
7797 8907
9062 3532
7636 8242
1994 5291
1994 2781
2995 5701
9979 6372
9979 9190
8296 7360
8296 5857
28 596
6825 3590
6825 2661
2661 7754
2492 7157
7157 5928
7157 4596
7667 5295
9650 1976
5390 4466
5390 2965
701 2964
6155 8724
6155 2905
2948 4056
5175 8188
6516 8046
6832 9729
9509 2406
722 3935
9252 1750
2414 507
2414 6409
4615 7473
600 4195
6563 7491
9202 1700
3104 8083
2093 7823
4743 4713
8595 5964
1633 1245
2463 4298
8604 5924
5924 3088
5924 6215
6652 9384
2226 8797
458 1195
1195 1390
1195 6940
3670 1408
190 245
7268 665
2811 1718
3764 5623
3121 469
469 8719
9528 598
9528 4114
9528 111
9528 2398
9000 401
3886 2766
6928 9381
7706 2383
5014 1962
1557 2958
50 4780
50 5829
5829 2735
2585 7695
1917 2752
3688 2320
1820 6023
5152 2224
7444 5129
587 6848
587 1390
6848 3981
6815 3271
3728 6956
6956 8969
30 1271
30 6557
420 7319
6231 2482
6231 811
9653 1892
9653 2565
3555 4750
3555 1111
3555 5867
7009 9441
7009 7919
9825 4001
4001 2967
3708 3237
7711 6520
8537 7452
2518 4943
2266 4749
9338 4902
1342 6828
6828 9667
2992 6792
3558 2095
2000 4834
2000 8584
6500 4093
7064 1682
7064 564
5977 3216
7793 3194
3194 9246
8971 2720
8971 1908
2720 4971
9655 5456
2299 5289
202 3195
1685 8002
3759 3695
2562 8914
1027 9
1027 15
4029 5317
9565 4376
1796 8534
233 1673
5068 5523
5068 1199
6325 9766
1234 2788
4202 6792
6626 7102
1181 4677
4907 2719
2719 7612
9275 2311
8622 3771
8112 9398
8112 2984
8303 7261
8303 4250
959 7483
959 4596
669 2593
4468 1899
4468 3037
3310 7997
4698 8632
3607 5647
638 549
7851 1892
159 8924
7994 6263
7994 113
3408 9369
3408 7274
2385 6311
7902 8503
7902 1665
6045 1678
6045 6192
6045 7105
9720 4721
5094 7499
4663 812
6193 2079
6310 892
5056 5371
1813 4742
8877 9163
870 1364
870 6767
7748 5718
8968 4725
3397 4925
7464 3651
7464 7185
4689 5508
4689 6483
9501 7431
5826 2934
2440 9832
8835 95
8835 8630
8630 1899
8630 2927
5130 1371
1944 3064
412 9136
7840 9134
6369 5256
7430 8612
3918 8806
3918 6777
4949 9487
621 7601
621 1581
1581 5975
1581 2425
1078 5904
1194 3112
7023 60
6889 7661
9965 8905
3703 1691
9438 3572
3572 8772
3572 1209
537 1541
8105 8692
6771 2800
2771 2795
126 2256
126 9206
6672 1009
6753 1150
3636 6127
3636 9964
789 1538
6151 9201
6151 8041
8734 8261
6036 2703
7401 6169
6273 9117
7094 511
330 2052
330 5962
6465 7352
7834 2646
81 1558
5576 7172
8190 6658
8190 3241
6949 7131
7818 7092
9481 3975
5294 327
6884 8269
396 7865
716 4237
5469 6910
5079 8360
5079 2737
459 5963
347 4395
4295 7760
9218 5020
4231 6397
1532 1897
6799 9757
7976 5458
7976 2301
3097 6237
7697 9878
9593 6645
6645 149
2235 3474
6604 58
1096 8393
8393 7693
8393 7858
8393 2993
9941 640
8538 6535
6395 1114
1114 7035
6201 822
8930 912
4862 5894
7248 918
5032 9539
5202 9129
2289 6715
9622 6503
814 2388
8304 1253
7768 6247
7893 4895
3377 6733
9612 6345
4539 3895
6388 6939
8766 9496
6724 4863
3396 1962
3396 2356
883 6578
9799 4857
137 9832
3576 6711
9560 2388
8533 988
6625 1809
1809 3394
1294 914
1294 9112
2222 2085
2222 2513
4724 4811
765 7491
5903 7555
9368 8364
8994 3254
5639 3405
6226 2378
7618 8018
2744 2176
2744 3880
1163 7780
9696 3517
7245 5332
5332 5210
196 92
7740 6135
4499 9408
6476 5927
5218 3025
5218 5178
5178 9361
8506 6366
7630 149
7630 8877
7630 3404
6261 592
6639 8079
4263 9321
9434 6553
9434 4892
460 7178
460 15
4055 5625
7187 4031
5717 1518
7450 9361
7450 6268
402 4542
402 1889
8780 2300
5102 5905
1702 9304
8311 7935
2854 8264
2854 3177
2854 3108
3177 6318
3108 4971
1059 7212
8790 7616
7696 8491
6180 5089
36 3133
3133 1240
3133 1742
6897 56
859 684
9051 6322
8580 6582
6582 181
6582 2860
1523 3531
220 6857
8908 2611
8908 8133
8908 2928
8908 7553
6955 7974
5957 8094
8845 3630
8484 5869
8484 6116
2075 7103
1873 2338
1873 5420
1825 1088
9518 216
7250 4161
4161 317
4161 9990
9547 4797
5792 8613
8247 1375
8247 4928
8247 2443
9721 1148
2010 2220
449 6903
715 9320
3511 4542
7633 4276
775 7849
1255 5330
9580 3578
9580 3331
2956 5689
2879 6419
2879 8202
4826 6517
7493 4894
7493 9523
4890 4765
4890 8504
1330 1003
1003 2007
8196 8454
6029 2451
5497 8706
1248 1861
1248 3522
3811 7735
2043 9611
9611 1036
4547 1051
4547 1010
5082 2512
1178 9861
9697 1053
5201 7472
5201 2158
5201 2570
2158 2218
2158 9153
7412 3524
5424 3995
7137 2288
7077 8231
7077 7838
7181 7661
5949 2561
2917 7698
4661 5611
9189 2620
9241 6523
9939 2411
659 2055
9036 8815
7016 7298
9694 6628
2155 9320
426 6184
8092 5504
1579 976
7896 245
6195 8274
6195 3662
147 5907
5629 7690
514 9239
514 9092
514 8982
514 8610
8951 9401
6964 5631
1394 9418
7303 5892
6099 8996
1461 192
1502 1388
5421 579
745 260
8833 1862
1862 2056
4410 6553
9480 7656
691 7993
8206 1227
9219 9136
8922 6590
3214 8770
6220 5399
6220 7512
6774 364
473 565
565 2256
565 7804
5588 5737
5588 9254
2228 2461
9589 2816
2582 5118
7180 6848
9386 5948
652 6786
9126 3771
4516 7535
830 2003
7805 5291
8200 8918
1311 9206
7207 888
1510 9806
1510 2653
3709 4707
3709 7561
2705 5019
9106 3088
1172 2158
2573 2064
1963 4426
3942 8928
3942 5911
3942 5351
3942 9841
8928 409
4143 6742
6320 2660
2753 4711
4352 3622
4352 1899
6655 2605
8024 372
5186 2782
9170 2192
6364 9278
4853 416
4853 7511
8932 630
7901 1047
7901 2896
785 1987
6333 8732
1671 3259
7905 6048
9840 9851
9851 409
9851 3974
5412 3706
5412 1221
1221 3447
3301 5620
3301 5846
8985 6509
7878 7534
7534 8185
7772 5824
7772 9967
7972 3691
3666 7853
6908 9041
400 6114
6907 6298
2886 718
2886 1120
731 2779
6452 9787
9787 5895
2823 6992
2823 1025
1285 3422
1285 1659
6948 5888
4642 2378
3624 6274
3527 5692
3381 3649
1339 5869
9269 1469
1469 5284
7150 2960
4489 4889
4889 1020
6348 6363
6363 7679
8920 8435
3328 939
935 2186
2666 2505
8434 1631
3528 8001
1445 4690
9185 1127
3546 9253
8335 849
849 3071
1151 1313
1752 3066
9420 9606
9606 1553
6668 1498
3678 6830
8633 7742
7971 5163
3912 1025
314 8974
9936 3478
4654 936
4916 3081
4916 2054
5006 2377
5006 6048
5859 7377
5859 5988
7253 381
5080 625
7804 4788
4066 1631
1385 3655
7940 1329
9417 6821
1087 9745
2246 3782
8279 3999
8496 1334
5732 8176
6375 8301
7341 8260
4537 1266
1606 1525
1606 7472
1170 9873
5033 2544
5033 7305
5444 3582
9556 1686
1450 681
1450 3251
7551 9539
4995 2491
4995 8102
1312 2220
5394 8454
1864 1213
9625 9394
8998 2315
8173 6307
3718 1010
2119 8362
7516 2686
6096 6361
65 5593
65 5013
328 3823
6379 4136
6379 2483
1973 3463
7521 2649
8483 1534
608 9401
6671 801
2355 7719
2355 9787
7381 2146
6102 7258
5796 939
6212 1439
4380 8612
7920 4010
6063 929
637 2208
7128 2339
767 9785
8010 1706
1359 5021
1359 4854
2114 9456
8535 831
7242 7266
6402 1475
9700 8001
6883 9603
9355 3083
214 5689
214 886
6809 9611
1627 1784
108 7032
7031 8900
5944 4168
1941 3509
1316 124
124 6609
8860 6715
8860 6251
4504 5754
5097 3675
1605 6101
2674 549
6340 7649
447 8661
447 2830
1959 711
6818 3044
6818 2151
3044 957
9359 1383
3943 5675
8241 418
9527 1800
924 6121
3701 3394
1360 6307
6501 1599
1599 7258
6213 6468
8468 8493
906 1995
9636 6466
3952 751
1189 1529
6385 1308
9546 1129
8205 5021
6050 1217
2874 7868
2874 4378
2757 8029
2384 2607
3906 9853
5071 756
9737 2637
7320 5284
3185 605
4618 8355
6837 9706
4113 9002
5273 4812
9945 7471
9743 2398
88 7455
88 6431
9760 1762
8482 6057
5587 5423
4923 9451
3070 7956
6531 8038
3953 2208
3851 3162
643 1217
1954 2420
1806 4487
125 1326
3485 505
3485 1965
6423 7482
6179 170
7183 3465
7183 1617
7183 801
2153 160
6601 6589
9898 3720
7792 7166
7792 7122
5830 5028
2506 6439
2506 3871
1184 5425
3890 4302
3526 1618
1444 4458
5432 9530
5432 7873
6042 9067
5245 1453
8236 5482
4687 4399
4687 8131
7273 7895
3570 8984
7316 8185
6950 8807
5156 3438
8325 9228
10000 7230
7327 4444
1714 8722
9350 7447
6811 3691
1715 9050
1715 2376
1715 8299
8338 1861
4594 7447
2072 9530
4726 3963
4881 5087
4976 861
1940 8106
2997 6688
4260 8010
6761 4994
6743 2923
9713 6624
2418 8488
8159 3480
7366 7560
9767 9911
8648 2017
9567 6267
9834 6190
2784 6654
4703 309
7027 9369
4193 3864
6258 3757
6258 3665
4522 7259
1476 3750
5439 4279
9913 8436
1317 5808
1317 6056
5917 879
9891 8075
9322 6424
2696 4713
5768 3623
5154 1982
8861 1111
8861 3926
8120 811
5266 4022
1625 3860
2112 4284
1782 8698
865 2100
520 7396
520 9317
9648 1328
8376 3086
8115 6733
9025 7996
9817 8405
737 6347
2275 2451
9526 4446
3645 3732
9579 8616
19 9924
9924 2971
5475 4859
3092 4728
7158 1300
7158 1511
3905 4094
5279 2877
3751 3206
4887 208
4559 2334
2271 4031
6935 2429
6935 3248
1929 8197
8197 3192
3673 5310
9274 7779
7937 8442
8950 6543
6543 2259
5309 9067
8374 1511
5207 3160
1612 76
7205 5846
7579 8543
1639 1166
406 3940
9313 7451
1443 5898
771 8640
2743 9002
5214 9419
5018 7619
1924 418
1641 6528
9768 8974
8778 1301
2407 9023
353 4094
1676 440
2473 134
2775 6136
9591 1801
7293 9456
