10000 4893
3698 1124
9012 1243
9012 4621
9012 5932
9012 7874
9012 7208
1243 7592
1243 3487
5345 6954
5418 2422
5418 8665
9596 9008
3132 6876
6876 7887
6690 2310
6690 1420
6690 3990
6690 2117
2310 7043
1561 4255
2583 8757
8757 6745
8510 5419
717 8652
717 3106
717 9875
3106 7757
3106 2757
1333 8012
1333 9119
6109 4735
6109 7425
7701 3440
7701 3530
3530 4571
3168 1418
3400 5168
3400 2732
3400 2116
2732 4383
7227 4736
7227 268
1726 4604
1726 1781
1726 7330
1726 1709
1709 9320
8761 1981
8761 1077
646 359
359 3871
6613 2122
6613 8287
6613 6963
7484 8111
7484 6161
8111 7501
4673 9457
4673 1861
1861 9248
2259 1988
5325 5857
5325 4380
4380 6818
6848 5990
6848 2840
6848 9622
2840 5126
2840 601
9622 7173
9622 9180
1257 8036
1257 8827
1257 3020
7079 1547
7079 9431
9431 8858
2217 1048
2217 1827
7835 7154
5320 7255
7953 8489
7953 3888
3888 7563
7483 8093
4872 1208
4872 5967
4872 1411
4872 5660
1208 2605
5967 1355
1411 279
1411 6692
1411 626
5660 3711
342 1083
4291 3498
2849 7679
8292 3158
8292 6202
8292 3635
3158 704
6202 8965
7135 2503
2503 4919
712 379
712 6161
379 3683
9198 5021
9198 988
988 7588
4809 5980
5980 8437
9179 1144
1144 8288
2333 2233
2333 3098
2333 1444
2333 5761
2233 1455
3098 4033
1444 3581
2779 4733
4733 914
4733 2699
5095 2521
2903 6237
2903 5603
5603 3950
6974 465
2230 5173
5173 558
2220 4237
4237 3511
4822 3882
4822 6790
3882 4171
6790 9154
100 8331
8331 1392
1923 8591
1915 310
1915 1321
310 5762
1321 1186
9863 393
9863 5720
393 2690
4412 197
8895 870
8895 7360
8895 5092
7360 8602
2751 459
2751 1209
1209 4301
7365 5125
8655 5704
8655 2666
8655 3657
8655 8333
3657 1470
3657 7136
3657 4332
8333 9276
8333 8279
6506 826
3296 5546
5546 5231
7567 5444
2597 5066
5066 7925
2052 5549
2052 3344
3344 130
4955 1686
4955 5986
5986 1231
8073 1713
546 8194
8302 7392
3989 274
3989 5532
5532 94
4598 1082
1082 1952
2432 3137
8267 251
251 3462
9405 5885
9405 9492
9492 7917
9812 9923
9923 9546
1125 563
1125 1541
1541 8493
2627 2402
9168 1357
9168 9215
1357 8966
1357 1211
2854 8897
8897 2197
6162 1321
6162 2546
6162 8784
2546 2617
818 5942
818 9888
9888 3411
4463 4365
9560 6872
6872 2735
6651 4553
8147 464
2642 8083
2642 6140
4473 8445
8445 6445
8445 2768
6698 4509
4509 5243
4509 4389
5523 673
5909 9385
5909 1079
9385 7249
5330 1076
5330 4672
5330 2611
4672 286
1349 5512
850 2746
974 5841
974 4867
4867 3607
4089 2116
4089 9561
6491 2146
6491 5574
5574 5906
2417 2921
173 8651
8651 4585
4841 8103
5872 688
688 2610
2491 3269
2491 698
2491 1896
698 1030
698 5244
1441 3670
1441 2148
3670 2888
3670 9075
6347 5856
659 8752
3843 9789
9789 2714
9789 4522
4034 2771
4034 57
4034 7058
57 7304
2902 9803
2902 9805
4281 1536
4116 7387
7387 4835
7387 9697
8650 2687
332 8866
332 3822
332 6526
7084 99
7084 6021
7084 3827
6021 3475
6021 1288
3827 5399
4299 1873
4299 8651
571 3372
3372 7525
4164 6883
4164 2050
4775 9808
9272 9292
9272 8170
9272 2179
9292 2711
9292 8842
8170 6409
8170 7519
7059 6374
4805 9309
4805 7309
3198 9167
3198 8044
9222 319
319 913
319 5901
744 1035
744 6002
489 4837
1202 8001
8001 4230
2428 2972
3674 9173
9173 9407
7755 5670
5584 2897
9862 1229
1376 9160
1376 9781
9781 2528
9781 138
8972 7703
8972 2000
9686 9279
9686 3695
6122 9119
9927 4190
7450 3720
2755 4041
3862 4130
3017 7010
3017 5257
1858 2598
6264 7851
5348 2735
4455 139
139 2926
8586 1627
1627 8117
1627 2672
3019 7993
5698 7907
5698 2786
7907 8987
1374 5823
9673 5021
2900 658
609 7859
1718 4857
643 9076
3604 2817
3604 6357
2817 1162
9328 5918
2267 7268
7268 6088
7268 6714
7268 6076
684 5024
684 4345
7440 9249
9249 4711
2768 4010
2768 2430
5206 2466
2466 5569
8993 2043
8993 9664
8993 6237
2043 7823
2043 9232
9664 4552
1667 2196
2196 9526
7941 8377
7413 8495
7413 5992
8556 1227
4074 9354
4074 367
9354 3281
6418 3940
9811 3290
8258 6508
6436 655
6436 2858
7477 7691
4102 4466
4102 589
589 5249
6220 312
6220 6687
6687 9942
6687 3516
6687 2955
9735 1062
9735 7444
9955 2268
9955 159
3680 1573
3680 2713
1573 8753
1573 2887
1573 7023
7303 2242
8706 8418
8706 8937
8706 417
417 6752
1224 4936
3826 6714
2646 4653
2646 1797
4653 2042
2600 3688
8951 2168
2168 4952
2168 4171
1311 9464
8638 8522
5820 8851
8851 5291
8244 9791
7638 2483
7638 97
7638 7664
3671 8803
7060 3605
1544 5314
5314 9001
1996 3146
1996 7351
1996 4796
3146 764
3146 8459
3146 4999
4796 1878
4796 2890
2769 5707
2769 7834
2769 5769
2769 41
5707 4352
5769 920
5083 4373
4373 3
4373 3372
4489 4030
4030 6326
9278 1588
8471 3078
2999 4514
4514 8748
4644 3663
9230 2507
2507 1565
2507 5673
914 1107
2699 1865
807 3411
807 7555
807 167
807 4123
4123 3134
4123 7319
8932 7682
8932 9428
9428 4986
6819 3711
6326 5434
2110 4276
2110 5373
6296 6673
6673 3690
6673 2841
9785 6022
1078 9171
1078 293
7047 3436
6417 3793
6417 2021
6417 1908
1908 2574
1908 9695
1908 7463
1908 5027
5340 6788
5340 8946
6788 3981
8946 5512
6769 4094
4094 7317
4094 2495
9757 1290
1290 7752
6031 452
6031 9447
9447 4390
9087 3421
1248 4117
4117 308
5933 3544
4403 6107
4403 5915
2562 8626
2562 2656
8626 6744
7401 4633
6643 3418
3418 9934
526 1406
526 6299
1406 5576
1829 7862
7862 7732
7931 885
7931 6872
885 9833
3123 2397
2397 5359
2397 4337
5279 7373
8554 5997
143 1336
143 5835
5261 6318
4563 3327
4563 8052
7924 7471
7924 9581
7924 300
9581 2421
3480 2733
2733 9853
2733 1283
2733 2250
4026 8217
4026 1758
1758 5980
5186 8801
5186 6406
8801 6975
6406 7289
8132 2767
1712 5695
5817 2579
513 6310
256 4466
1152 413
2807 6034
3598 7496
3598 972
7496 2840
972 1206
972 9449
3444 2350
2350 5171
2350 7629
1226 1840
1840 2178
1840 4727
1504 1230
1504 2687
2493 8046
2493 7225
7225 7398
7225 3803
7225 7618
320 6576
320 8452
1323 5257
4461 3095
9025 8437
9025 4303
9025 7945
7945 559
7945 9422
3073 4271
4271 7645
6492 9367
2450 769
9370 8103
5908 1879
5222 4452
9504 7182
7480 7001
7480 9205
152 2736
152 9775
4930 5032
5032 2865
5032 5489
2051 2263
9702 5667
5667 2020
1492 4704
1492 1781
4704 4269
4704 5800
4704 1533
4883 114
4883 2222
4883 7035
114 4464
2222 7576
5227 3023
3023 7776
2088 1709
5089 5289
5289 1796
5289 4981
1749 2114
1749 6017
4996 8138
4996 768
8138 8351
8138 5376
2740 2363
2740 5396
6164 9419
2952 5907
220 5947
4084 7630
5401 8971
1963 8185
8185 4988
9033 9715
4680 9603
9603 699
67 1193
6252 366
8416 4148
5506 2513
5506 1204
1204 4868
3686 3745
3745 8489
2080 9949
9949 7609
5097 4736
4035 6443
4035 7850
6443 3903
593 9513
593 3004
593 6346
3004 8872
3810 5960
5960 2285
9336 8610
9336 7633
8062 5647
8062 7192
8062 5944
5647 9554
5647 9940
4702 562
6169 4376
3643 5610
2186 691
4118 1714
1714 399
8518 9416
6772 2035
6772 7987
6772 2424
9978 233
233 7287
1671 1425
5880 6251
5880 6865
5880 8519
8519 4038
2564 5031
8787 9671
9671 5675
5810 9631
447 8889
447 9584
5459 6599
5459 321
6599 7859
3157 2004
7882 71
6619 4922
6619 1675
5460 1644
6400 2060
6400 8907
2060 9714
2060 9536
2060 5530
8907 3204
8023 1227
9195 1252
3195 5804
3195 2475
5804 5171
1999 3482
5785 9448
9232 2142
9522 5092
9522 7587
8125 6373
8125 3376
8125 2401
2401 5998
6805 6913
6913 4285
9093 5267
9093 6774
9093 7514
6774 92
7514 4105
7514 8048
9679 7700
9679 4181
7700 9810
4181 8149
4181 9771
9979 1883
1883 4268
1654 7595
4368 8165
4368 7705
4368 9658
5498 6105
3622 9494
9494 7844
8840 3381
8558 7951
8558 738
4859 8781
4859 336
4859 1321
4859 3937
2106 3891
2852 3492
2852 7975
8050 519
8050 8336
9931 9711
9931 7370
9931 28
8939 674
9096 7590
7590 8644
1043 7570
1043 9322
7570 7651
9726 2355
2008 9265
7499 3892
4975 8512
8512 6022
6157 8722
8722 1877
8722 122
263 9789
263 4694
263 8034
263 6601
9871 8697
9871 2273
9871 2438
5622 6717
6717 2418
6717 6486
64 7846
64 211
7891 8946
7891 7019
1613 8480
9472 6532
9472 5145
6532 3327
3339 1200
8896 9566
8896 5709
1659 9455
9138 7916
7916 9766
7916 1134
8545 2979
6736 5787
6736 5608
5071 7843
5976 7901
5976 1469
7165 3368
8343 4155
8343 7345
3375 5866
4593 5439
5439 4983
5439 9997
3889 8046
3889 2123
8611 400
8175 9345
4319 1136
4319 554
4547 7332
7332 5524
5828 960
960 8675
8973 5569
5569 6180
676 6965
676 9833
3640 383
1358 5657
1358 3974
5657 3689
5657 8392
3974 6858
1918 1606
1918 9296
9296 2009
3483 6170
956 2868
3404 5179
3637 8085
3637 9343
5357 2425
5357 6192
6192 9640
6531 5028
6531 5801
6531 3191
6531 3390
6531 7314
5801 7397
7314 4511
9826 9158
3503 7281
175 7537
175 2361
3139 2386
2386 9524
3997 8887
334 5243
876 8177
876 5991
5991 7256
1430 9739
1430 9521
9739 7271
9521 1922
9521 4815
1161 7065
7065 8891
9490 4960
9490 7858
4960 6937
7858 9372
5333 1406
1001 5121
1523 8150
1523 8756
1523 4162
9635 2184
7479 942
7479 527
7479 9900
942 6265
4044 3445
4044 8778
4044 1104
2317 7184
3569 4906
3569 7011
4168 5297
4168 8154
4618 4860
1352 3461
1352 1840
1352 4528
3461 9744
2760 1389
6276 422
5313 9149
5313 3499
3499 5992
3709 1025
3709 1088
3566 6012
6012 6008
989 6300
6300 5656
9529 193
193 5513
193 5910
2957 790
5440 147
5114 9764
4539 1977
9169 8830
8785 4589
707 1901
707 4513
4513 5729
4513 890
756 2885
756 7932
5983 3743
5600 8715
8715 8668
8715 4233
9407 1997
7054 140
1092 3416
8075 1934
8075 9975
3993 9623
2034 1156
2034 6536
1156 9415
1941 5846
8786 3509
8786 1582
8786 7559
1272 3629
1272 8354
8354 9401
2136 4757
1798 8115
3040 2829
991 7510
8689 7468
6731 2343
2343 161
3430 5473
3430 9940
3430 120
9940 9774
9940 7030
561 8523
500 8411
500 8503
8411 5428
7385 3605
7385 4009
7926 549
7926 497
549 6975
497 7095
3275 4446
3275 2812
3275 7141
3795 2515
3795 1059
1059 1181
9864 6415
345 6627
4629 8042
6331 4069
6331 7775
7927 1805
7927 7686
7686 1986
6966 8935
1650 2884
8734 9528
2694 9000
1170 7251
7251 8502
1355 3344
1269 6321
1269 5935
5935 2638
9268 2534
9750 6244
9750 9684
6244 3208
6244 1602
8237 9818
8237 844
1696 3695
8513 8134
3660 8605
3660 7667
8620 7205
8037 1653
8037 4893
3448 5386
4230 5266
8032 1321
8917 9557
8917 8836
9557 8690
9557 2787
6410 9618
6410 8534
9618 2644
9618 5338
9618 5053
1658 2459
1658 5758
2313 8879
2610 5775
5138 1554
7641 1281
1281 5423
891 9778
6439 54
54 5925
2176 2035
4746 9748
4746 3287
9120 5292
5292 3064
8106 8366
8106 9117
8106 915
8366 895
7490 4491
7490 4126
9905 4386
9905 5964
9661 7211
406 567
406 408
406 1293
3102 8273
3102 6003
3102 6655
6655 1985
4502 1738
4502 6023
1473 2776
1473 4787
1473 2022
2776 6751
1967 2747
2747 3611
2747 9270
2747 1420
2747 6655
2747 96
2119 5034
8426 4253
1957 9491
484 7697
8922 1106
8922 6780
1106 4
6780 3378
5576 7766
5576 5942
5576 3625
6834 9428
8026 3362
1678 3986
1678 6255
3986 8057
8461 2812
5201 7247
521 2047
9598 8868
5129 5956
5956 7671
7491 5341
7491 5131
5131 2884
1309 2039
1309 140
7528 3439
3439 4028
7829 5050
5050 932
5182 1471
7730 8195
7174 8215
7174 5287
8215 3628
6725 4600
3163 1660
3163 3768
618 9809
7459 6832
7459 6652
6652 2925
9100 5922
5518 2539
6490 9475
6171 2834
6171 6017
3099 8523
8413 6023
8413 4424
4424 488
8252 2444
3762 826
3762 879
3762 3007
2159 2771
2159 9414
3205 2966
3205 3859
2284 6950
7865 8665
7865 6560
407 4664
8004 6922
8004 3721
3721 3042
6558 8391
2203 7628
8459 1784
984 4290
5771 4322
4892 1409
6907 7568
7568 6855
5384 5755
5384 1150
5755 1482
5755 1173
2441 5217
2441 9814
9837 9848
9837 9843
9843 1964
9843 2350
9843 9029
9843 9114
2031 1144
9097 9386
9097 1218
9386 6096
9386 9139
6026 440
4288 5893
5893 6197
9924 2299
9924 1379
2299 7751
7999 3415
5276 8947
8947 4737
8548 2104
8548 4612
8548 2207
1607 7729
1607 4718
1607 2848
1607 7460
4718 8186
4718 7664
806 4599
4599 2367
4599 5464
4247 1576
79 6292
79 2889
79 6826
3052 656
3052 9214
9214 4429
9214 8338
9794 4750
9794 4855
4199 1105
4199 7872
8926 588
8926 7155
588 5135
6817 4776
4776 6522
3242 8519
3242 8666
4706 3477
5726 9721
9026 2200
9026 9772
9026 9976
9026 9331
9772 3747
9331 9981
103 4260
1008 933
933 3763
933 6320
8799 1596
8799 3542
3542 4410
7336 8897
7336 9373
9373 1575
3519 8523
1912 3446
8060 5788
8060 5420
8060 3088
5788 3664
5788 7380
3088 1579
3088 6977
2722 5684
5684 8396
324 6025
324 859
6025 3048
6025 7265
6025 3702
375 7153
7153 2588
8885 3137
2078 2456
2384 5489
2384 8890
7224 5938
7224 3998
7204 3758
2850 9982
2850 5542
2172 4178
2172 1182
5218 5628
2027 4887
9153 4332
9153 4047
4332 4761
4737 2014
9692 7682
8240 6290
2894 3393
2894 7229
3393 4631
7229 5281
5671 8666
4411 5356
9065 9519
8847 5275
8414 371
8414 8421
8414 164
8421 9789
8421 7524
164 5940
4242 1461
1461 9251
1134 8082
1949 8058
8058 6178
7244 6520
5484 8999
5484 82
5484 8796
6935 7717
6935 8873
4284 8428
4284 801
8428 2623
7266 8358
5055 739
2460 2050
1976 3978
3978 6114
6503 9199
9199 6105
9199 1921
1463 5528
5528 792
5116 6059
8272 195
7318 5870
5870 6885
7602 2243
1922 7185
1922 2768
1922 483
5429 6533
8361 7951
3315 4239
4239 5103
5209 4053
5209 9072
5209 1087
5209 9886
4053 9362
4053 3353
1087 241
4379 3981
4379 5006
3981 7341
5323 2875
2875 7261
2800 928
928 2804
1598 4393
4393 5268
4393 7525
4250 3842
6605 8733
6605 4666
4666 3326
5464 6855
7855 6621
7855 4764
6621 4984
4764 4192
2595 3317
2595 7968
5923 9595
9595 6488
9595 7009
6739 4273
351 2327
3659 4789
1132 6046
6046 9019
2471 7283
7283 2332
2223 8813
5427 987
5427 9088
5427 9274
8982 5678
8441 3729
8441 1021
3516 2338
6041 275
275 3244
7103 5551
8869 3562
3562 1426
7922 1740
7922 7729
7922 8212
7922 9741
9741 4394
7712 6784
7712 1445
6784 7271
907 3860
3860 8417
9640 2950
8498 2024
2508 9506
2508 9876
2508 7207
2508 133
133 161
7791 5899
7302 671
671 8676
6726 6249
1762 6882
1762 1412
1762 598
6106 8015
8376 9479
7395 1089
5036 7635
9933 9929
7130 378
7130 9306
378 3866
107 5000
1422 1466
2046 6388
6388 7216
9985 8800
6564 555
8068 7157
7789 4665
7663 2239
7663 1073
7663 8663
5468 9940
1347 4022
1347 5322
1347 347
347 3812
6444 592
592 4974
2956 1239
1239 8489
9186 905
905 9825
905 1389
6554 1385
6554 6970
4057 5108
5108 6022
5108 503
1490 7146
7146 3646
5263 5937
5263 1610
5263 5351
5937 396
5351 1852
5351 4147
5351 7147
236 4935
4935 1063
4722 2224
306 2303
306 1434
306 9407
306 5378
306 5370
1434 9208
8266 7427
7427 9886
230 8636
8636 2431
8449 7290
1332 5455
1332 7191
7191 2645
9696 6241
979 4759
714 6027
714 246
714 1183
7101 5520
7101 6767
7101 3418
7101 6601
6767 7521
2775 1913
6828 7097
7648 8003
7648 3901
8003 1293
3901 7752
3901 7993
4478 8099
8099 3354
3454 2704
3454 4854
2704 8208
4381 6802
4657 2835
302 9027
4931 6741
4931 4061
4061 4136
5969 5204
5969 1727
5204 9317
4799 1059
3199 1815
6507 4294
6507 433
433 8181
6113 6281
6281 983
2393 85
7449 4023
4023 4283
7977 3904
3904 4625
3904 3869
3904 1195
7457 1106
6648 3372
6648 9109
6447 4359
3734 2929
3734 5515
3734 7055
2929 2094
5515 8756
5515 9207
5515 6566
5515 2789
7055 5910
3395 90
3809 2937
3809 4356
2937 8753
5315 9629
5315 1410
846 8969
846 2966
8969 7098
8969 2323
8969 7768
7564 8116
7564 6645
3642 3148
6799 3720
5612 9006
578 4935
578 8777
8777 5821
2302 3696
2302 4641
3696 5553
5854 1563
2547 4181
4648 4127
4648 3633
1169 9282
478 5934
5934 6654
8925 3840
8925 6884
4417 4510
4510 6304
8958 514
8958 6560
748 4828
4828 6965
4828 9505
3606 5863
3606 1056
5863 340
6229 3634
6229 2436
2436 3415
1235 4360
1235 7525
1146 912
8791 5503
8791 2966
5332 8364
6766 4853
6766 6068
4853 5347
5767 3881
8587 3173
951 9705
4201 8919
8919 3402
7896 7090
9633 4108
9633 7140
4108 3142
4108 5890
8880 7508
7508 8593
8716 8128
8128 8150
8128 2413
4011 9697
4011 7214
4516 1361
1361 3373
3407 9471
3407 6449
9959 3778
239 9041
239 157
239 3043
239 2465
157 1176
2465 7523
6133 3628
3628 1026
3628 7329
2480 9579
3812 4617
3916 3905
3916 5113
3916 8184
3905 5307
5113 8346
4240 2373
4240 2815
5741 4261
2381 1601
2381 6888
2381 4264
2381 1953
6888 2364
6888 634
1953 1925
708 7676
7676 3334
9957 6382
6915 7409
7409 9754
3387 8693
8693 5356
8693 531
8693 4663
6287 7206
9191 9415
2307 1383
6871 3272
3272 785
9030 76
76 9650
1950 2144
6781 1448
1448 4840
8983 4373
7024 1655
1655 7625
9302 121
9302 7463
1995 2095
1995 1459
1995 4386
2413 7007
5645 1998
9362 61
9362 4724
3353 5479
1462 7749
1462 5598
9852 9110
9852 8193
9852 4577
4577 6432
2871 2638
7026 8918
7026 8083
6334 4650
9473 8666
9473 914
882 967
882 8297
895 5056
8453 1378
8453 9171
6496 1801
6496 8423
1801 3966
1801 6779
8423 6354
3613 5020
5020 2543
5417 4659
4659 5866
2678 5462
2678 5832
2678 2449
5462 3537
5832 3108
2449 9591
2449 7454
3536 2240
6811 7350
6811 7540
7540 4046
2673 3216
2673 1381
3216 4634
1381 9814
7195 6260
7871 2996
7871 285
7871 7168
2996 886
2996 3436
4154 892
892 2017
5984 5167
3150 1134
3150 5971
5238 5608
5238 3187
177 3538
3359 2786
5040 3895
8585 7473
8585 1419
7473 7748
7473 8821
9229 8437
9229 8508
9229 8338
3443 327
3443 8978
9420 4285
9420 34
8763 5906
5906 113
1673 2663
7803 5892
5892 2264
751 7983
751 1864
7129 4969
8602 4136
1823 2923
2923 9157
6340 8630
386 1553
386 960
1553 9023
1750 1339
1750 9776
1750 3702
1750 3785
1339 1264
3785 6971
5022 8998
5162 6130
5162 6675
5162 6168
6130 6216
6675 2219
6168 3981
990 8274
8274 1069
7814 6641
7814 4071
6641 4578
7295 9390
7295 5616
6298 539
2664 6352
6352 7287
4391 366
4391 7096
7096 5291
7096 969
6305 917
6305 6936
6936 9902
538 2489
6612 1411
3972 104
3972 9453
7695 4730
3776 2352
1586 2073
1586 5292
5212 9158
5212 8282
8282 3261
8819 6432
6432 9771
146 8205
146 3331
6363 6073
6363 4073
6073 4857
1095 8388
8388 2896
5303 5901
7809 6464
9099 2557
2557 8602
7822 5801
396 6755
2059 660
9329 6601
1359 4936
5714 1713
3308 6629
6985 2351
2351 4340
3779 8551
8551 8965
4678 3135
6593 5445
6593 80
2945 2938
2945 9394
1400 7636
1400 8990
8511 8938
8511 3065
8511 9800
5664 2565
2565 2563
3145 8995
8995 6920
692 9610
9610 6774
608 812
608 4384
812 7529
3677 939
3673 4749
4749 1732
1098 2855
9532 5938
1080 8392
3692 4246
3692 9860
4246 5632
7323 572
7323 4493
7323 3668
7323 6717
572 6399
4493 257
4493 2131
3668 703
508 5364
508 8352
8352 1443
6628 5172
6628 9257
9257 466
7903 1394
8544 222
8544 6194
222 8280
5103 1616
786 8543
786 8740
7704 2314
7617 1215
1215 8904
4355 7973
7973 4647
3050 4090
8351 531
5376 221
709 6885
709 6274
6885 7973
6274 9274
5399 2895
5538 3321
8162 1474
8162 8348
2163 8697
6625 1920
6625 1466
6625 445
1920 9527
9714 6139
3774 8727
4114 6555
4114 2145
163 7275
7213 2971
3451 5704
3451 9982
8641 3767
8641 3004
8641 8872
595 3587
7186 9545
5573 776
776 6737
2670 6711
9947 8547
7769 3007
1264 9196
6704 9413
3403 4983
3403 2390
2357 6620
2357 7254
7254 7778
8576 5150
8576 6369
8066 6804
7012 8519
6849 8213
8213 896
3953 4607
3953 6745
3953 7389
7389 1083
949 2796
949 2240
949 2481
2796 4427
2481 687
5362 8537
9288 5356
9288 5611
6743 4485
6633 2808
6633 6622
2808 2023
6250 8429
8429 3087
2975 8592
8592 2342
5476 7817
5476 4907
2090 4055
1159 9954
1159 1015
4684 3844
4684 1653
4684 704
4684 4423
4423 773
525 9416
2053 7233
278 6274
1617 8230
1617 9282
1617 3277
8230 313
3277 6757
1397 5233
1397 3042
1397 689
5394 9548
2772 9117
7464 7732
534 5349
534 3214
5349 6987
1118 5505
1118 5122
8353 8793
7556 3264
7556 487
5609 3475
2063 700
5895 4761
4761 101
5800 4968
1533 9246
1533 7258
9948 9145
2577 1905
2577 9745
2577 4318
2577 2161
4318 539
6701 9139
9996 8311
9996 1476
9996 4311
8311 9414
1476 7375
7095 2254
388 6705
388 7687
6705 7635
8743 6659
6452 4024
6452 1149
4997 2739
2739 6419
5945 1201
889 9817
3507 7662
7662 344
1831 6730
6730 8697
4902 2482
2951 6705
2951 7540
3338 1243
3923 7828
7828 6481
7294 4233
6763 1988
6763 7948
6763 5990
8984 2212
2212 1747
9784 1405
1405 4479
2286 5552
2286 4843
4688 8178
9311 5336
9311 6790
5336 2663
5336 7686
6929 2788
6929 5992
8346 6111
5913 1951
3257 1066
3257 2928
2928 2909
5428 147
5112 8853
5112 9745
5112 2837
8853 8358
9505 7265
4904 4724
4904 6420
1326 1854
1326 920
1854 2758
6183 1579
1579 3917
2054 8159
8159 3240
4138 616
1288 8108
2177 8391
243 6217
6094 7109
7109 7955
8583 6281
8583 5508
8583 6652
7900 5517
651 3588
651 4849
1960 4794
1960 1525
8369 4410
1590 2868
1590 9882
1489 1459
1489 3931
1489 6906
6906 6176
9391 2510
2510 9650
8355 4854
1602 8045
9326 78
78 880
5359 9502
6973 2352
6973 9028
4947 1757
4947 396
1757 1825
2726 3179
2726 8776
2719 4756
2719 4946
6029 208
6029 790
7276 3125
4464 4266
5689 3952
5689 2817
5689 8422
3952 1410
2364 6105
634 3108
634 4094
1214 3272
7873 9939
7873 8080
6821 8864
9922 1172
9922 9666
1172 6905
9666 8161
9666 8790
1166 7801
5335 7447
5335 8865
5335 1264
5335 4439
7447 1867
8865 9034
4439 2239
4439 6455
5743 2162
9958 5104
9958 3988
5104 5889
2492 9375
8911 6904
8911 4779
4779 6059
941 6017
3960 4570
3960 9520
3960 9848
4570 8593
9520 4677
6066 3038
6066 8074
6066 6857
3038 660
3038 2023
8074 4560
6857 5725
5661 8976
8976 2316
8976 3070
4689 246
3652 9951
3652 7339
3652 8339
8169 6213
6213 4048
3894 8714
8714 9289
8654 6284
8654 5548
6284 1180
8160 8823
8823 5168
6921 3703
1685 868
8402 4043
8402 1320
3526 9619
4497 2724
4497 715
4497 6993
1190 2155
5432 9410
7375 5524
2237 7035
2237 2944
1491 6023
9953 6323
1668 9083
5056 4047
6386 8450
6386 1771
8450 6441
1771 9701
1733 3262
7898 2327
6590 3754
9038 7117
6740 955
1628 592
8071 7158
8071 5032
6267 6797
6267 5865
5865 7954
3063 3022
3022 8805
8436 8158
2960 4984
499 2845
4394 1401
4394 5540
7793 6796
7793 4265
2512 2399
5239 5085
4494 433
3555 9309
5737 6482
6482 5514
4508 9124
694 45
45 966
3556 7141
8657 4615
8657 5721
9544 9024
7698 1648
758 2351
758 9022
8298 8635
2650 7198
5773 8621
3543 3654
7436 8176
2340 2926
5128 3101
5346 8514
9098 2010
9098 6008
9838 2594
2860 7180
7180 3639
7180 5334
7180 8874
1496 2557
1307 5489
3772 8198
8198 4229
7708 3303
5010 505
5010 8325
8325 6527
9638 1879
6063 8276
1620 2897
9910 5339
6939 927
927 1920
927 1702
7819 6422
637 1944
4241 2490
6254 6107
8991 4252
9628 2658
2658 8113
1251 8739
8739 2684
4558 2331
3302 6511
3302 852
3302 9903
9903 954
8658 2364
5941 4132
3947 2837
5924 5092
5924 3784
5504 8948
3497 9479
5627 1284
4119 9129
4119 7832
9283 5585
9283 7426
5585 6111
7426 1792
7056 4632
7056 50
50 3249
3217 6514
8582 2939
2939 5940
9337 380
380 1024
4620 890
7066 8159
5615 1928
5615 2921
8091 2320
6453 3215
6663 4410
5409 3518
804 8974
804 4218
8974 7608
8974 6764
4218 514
2573 8194
2596 1853
1853 2148
7967 3668
4992 1494
1101 9214
5905 7306
7306 4145
7614 444
9165 4545
4147 9314
7147 3711
6366 5548
2485 2368
5740 4219
5740 6365
3689 2840
7911 61
27 4793
9092 2212
7981 9144
6862 6989
6862 3538
2551 1136
9424 861
4640 3317
3354 1790
8882 1807
1807 9375
6689 2656
6689 3969
6689 74
4474 6533
774 1174
9341 7289
9341 2912
9341 3919
9341 7374
3718 9806
2062 9285
9285 3757
1723 403
403 8731
6517 1069
3394 9355
3394 2828
4210 2536
3288 724
9768 4148
6275 5753
6275 1274
6275 3721
9590 8579
9590 7758
7758 7613
7758 9868
1618 5026
1618 9367
5026 1494
5617 8076
5617 8549
9604 5686
9604 9359
9604 9775
9604 7016
5686 9377
7016 1293
5642 3092
5642 8553
4194 5966
4194 5614
4194 1555
4194 7017
7017 7230
6665 1925
6665 5300
6665 5982
3618 1239
1301 4819
7115 5749
7115 3954
5749 4867
7980 3101
7980 9364
5824 1435
1435 4493
1435 9763
6259 5453
6897 6292
6897 3601
3155 339
339 1137
8373 5042
7969 4260
6820 6711
6820 4144
4144 7038
8189 2490
8744 7312
5577 6910
5577 3067
3067 1753
8616 4046
2375 2604
2375 1116
2604 4765
7258 2544
7357 6712
4208 4582
4208 6926
4208 5979
4208 3908
3908 8506
808 1972
808 2705
2705 363
2705 5656
8712 149
4728 393
3584 7768
8121 554
2323 3462
1747 9656
1747 9836
1747 6396
3580 6216
6216 8108
8825 5904
8825 5509
3684 4048
4048 4231
5035 74
8386 4574
8386 7414
8386 9004
1945 9772
2453 1857
4054 2730
3053 3504
3238 5985
3238 1556
1556 8874
5003 9940
657 3600
3600 5894
8247 3031
3031 8865
6463 8014
8014 7212
9571 1466
5514 3467
6859 8212
5164 5154
7811 3478
3478 6429
5791 6579
6579 4578
6579 4177
1067 3849
1067 2258
469 3127
469 3022
6450 5894
5894 7511
5894 2853
5894 9973
1364 4637
1364 4720
6283 3350
6135 2210
6135 5512
5271 4921
5271 6324
4921 197
463 752
463 5383
5124 2790
2790 5508
5017 8454
5017 3471
3471 6986
3471 5226
7183 1261
1261 838
5309 234
5309 5681
5309 2003
5309 9960
1044 1002
1002 3944
4064 5567
4064 201
5567 4616
201 2461
2832 8752
5329 196
196 5153
3460 3478
9392 8428
9121 4957
6975 9949
2464 9657
9657 6580
4174 7263
7263 8405
7263 4061
1283 3153
385 8832
547 4530
4530 5899
7242 4229
3726 8285
1142 4322
1142 9255
1142 9725
9725 4171
8118 9659
8118 7697
9659 117
9659 2330
9659 160
3456 9566
3143 3381
3143 9166
176 1127
7548 4016
7548 5445
7548 7383
4016 2914
7646 6694
3561 2541
7553 287
3192 8161
746 885
511 6115
1129 8197
6328 8078
3932 9020
3932 3106
338 3963
338 5395
2044 5893
2044 4875
4875 3558
3190 3594
3425 7288
3425 3705
3425 6442
3425 1287
7288 6501
2139 9833
937 487
937 1847
1407 6577
1407 6198
975 9727
9727 8116
6919 4581
4581 6100
3423 8670
8670 400
6835 1501
9884 9357
9884 6064
9884 4039
6064 8327
2806 9825
986 372
4801 1500
6685 1846
1846 1412
229 9627
5547 7930
5547 5806
5547 8606
5547 5585
2924 2042
2924 2425
2042 3117
1693 5177
558 7019
1567 9023
830 726
2089 454
454 7424
219 5143
4248 6234
4248 1392
4248 7750
1392 1075
7750 1207
8329 6278
8329 6469
8329 6751
4317 4587
4317 5283
4317 3187
5283 8735
129 9388
9388 7398
6343 1978
6343 865
865 6203
6208 2858
3165 2810
2757 9802
2757 5886
2676 912
4561 3038
3728 8731
8731 6218
699 6742
1038 706
3727 1189
3539 6429
5412 5613
5412 2168
2904 2792
2904 2128
2904 8486
2792 8730
2128 6549
2411 3349
7583 8765
9719 1180
9719 4287
1180 3706
1180 7912
8525 70
2500 1139
4910 5580
4910 7610
4910 7177
7177 9463
9152 9573
6568 7304
3701 7270
7278 966
7278 1902
8749 5281
3307 2805
3307 1178
289 2889
6459 7724
7724 7700
3286 9072
3286 782
2700 1154
1630 6237
1630 1218
55 8358
5656 7196
5656 7168
6191 2759
2759 8057
7495 2730
207 4863
5410 3489
5410 7562
5410 9238
3489 8570
7562 3196
3364 446
6458 7932
3583 9657
266 8332
9276 4837
794 4875
794 6370
9451 7243
9451 5159
8988 4269
8988 5228
8988 8633
2861 9402
6013 7137
7137 4953
7767 4806
1786 1860
1786 5883
7864 5641
7864 2131
5641 6239
2131 9867
4184 4385
4184 6676
4184 4187
4385 1854
4385 8949
4385 6952
6676 9354
6076 3849
6076 1846
977 6537
977 5422
977 9708
5422 1899
3071 7344
7344 9215
7267 3627
3627 3092
8248 9644
8248 2813
8248 622
9644 4677
9644 9823
622 3636
4814 7724
4814 5633
5446 7872
5446 8039
2843 6056
3258 4874
963 1387
391 8944
391 195
5943 710
5943 7003
2369 5
1677 2622
1677 5100
9207 4442
9207 9983
6149 2451
2701 18
3939 4065
3939 790
3939 7719
7719 480
7178 833
7448 4155
685 200
5644 4548
5644 8593
7159 723
7159 6886
680 9027
6672 7839
6090 1788
6090 9775
1788 9509
3247 6972
3247 5379
9530 5307
4008 6297
4008 6012
7007 5149
468 5554
5554 7271
6280 7455
6280 4155
7342 7120
7342 8315
2932 6552
5369 9752
9752 2513
6071 6572
6071 8262
6572 8591
5197 5697
5197 1503
3665 2708
2708 3120
1470 7180
7136 9307
7136 6004
6607 9993
6607 1810
594 584
584 4311
6606 5025
4829 2094
4829 3273
6729 6233
6233 5287
8350 5508
605 6504
605 2736
6504 3570
6504 5696
3 3172
6747 5034
834 7751
834 1002
834 9142
7622 9031
3072 7319
3072 5705
215 1150
4731 4682
4731 3888
4682 8131
4682 797
9465 6677
9465 8978
3255 7716
3749 767
3749 8677
767 8140
767 7271
5919 3056
7133 2781
1451 5693
822 7496
822 1355
9991 5695
8048 8375
6582 4442
3723 7241
4018 6635
5818 6924
5818 1788
6924 8777
6924 3041
9148 653
471 6768
6768 2702
1040 1506
1040 1619
7598 2690
4468 8294
4468 8758
4468 906
7860 8902
2173 852
6722 1536
952 2837
4095 4156
4765 6218
994 839
4691 8491
4584 4006
4642 4486
5734 4193
1634 8061
142 1916
142 57
8265 1165
8265 7400
675 747
675 7824
747 4279
7824 903
4790 3945
6205 7846
8249 160
1316 5724
8929 9792
1581 1234
1234 9583
6438 2322
6441 2280
2218 3781
3781 9002
3781 8959
8295 9400
7121 225
8767 6184
9989 6617
6617 5614
1894 1664
2479 3218
8304 6005
6640 7936
6640 7296
6640 2443
7296 9776
5750 9798
1534 7621
7621 6914
8473 9932
8473 9410
8473 7055
8435 7488
7488 1240
4606 7600
1562 9159
7938 5578
5578 3574
6142 779
4142 6599
6874 4840
4840 1328
4840 2709
3107 5997
3107 3284
3284 836
5237 7223
6390 216
216 2607
216 2614
1940 7191
9131 4278
9131 8463
9131 8610
9131 6864
9534 7256
206 7105
206 1083
3979 8242
3352 2548
1375 1682
1375 2103
5223 3051
5223 2675
9204 1734
1734 7892
5959 56
5959 2094
430 2011
430 853
853 8153
9804 3836
8892 2736
8892 7936
9060 7783
9060 9372
9060 3752
7783 6230
3752 8521
1708 2005
3787 5413
5413 7308
3522 1207
1207 5865
1207 1913
7644 3381
7644 1180
7644 8591
1484 8646
1484 8580
8646 8403
9090 4628
4886 4340
4340 3374
4340 3271
7619 5635
1816 7046
161 1455
2761 6234
9621 493
2985 2289
5343 6767
5343 7393
5343 9059
8941 4441
4441 4634
7940 2240
6096 8305
4519 6295
6893 7682
6893 2781
365 2915
365 778
9956 5191
9956 7572
7572 303
7572 9503
1679 3830
3229 9325
1429 2734
2734 5858
2669 747
2669 6967
5093 1738
2963 6822
9706 362
1520 5230
9554 9930
8140 4414
1312 1247
1560 6358
1560 8165
1560 2857
5602 9542
9889 7162
7338 7016
7338 9988
7338 395
8397 4125
6181 3911
3911 8823
1186 361
3186 415
3186 8110
3186 4737
415 165
6010 3111
6010 3791
3791 2758
7531 6626
7531 8635
7531 9052
7531 4380
2974 2440
2440 2238
5676 99
2494 8430
8430 6565
641 1459
641 9990
641 3382
9990 7690
1270 7529
8619 7740
8619 5268
5637 259
259 1784
259 5086
575 7853
575 3513
6327 1516
6327 5061
7965 4967
4304 8696
7465 9623
9588 7943
9588 6576
7943 528
7943 3675
48 8989
8202 4730
4870 8865
4870 1148
4078 370
1426 5793
4243 9110
4521 5115
8552 7766
4741 8937
8381 9227
9227 7762
5078 911
1034 606
606 1653
4770 4344
4344 560
6877 3744
6877 3874
9512 3065
7 8443
4662 9499
8464 2483
7913 7259
7259 5625
9360 2753
1927 6469
8221 2231
8221 2296
2296 501
2296 4652
343 8428
2550 4772
2550 9993
4772 1256
4772 3794
2518 8011
8011 3174
5077 2255
2157 4374
3852 5061
9185 5890
9185 274
9577 4777
7337 9558
6116 2303
2671 6501
2671 7621
4905 5604
3314 1517
3314 8538
2624 3098
3114 8934
9042 6539
9042 1242
124 4430
4430 2342
8812 9592
8492 3696
9587 6711
9587 9071
9587 9063
8675 3607
7781 785
7781 2805
4049 5508
2150 9772
2150 136
1796 1294
1796 3765
7541 1919
7541 1939
1939 5281
8088 4159
8088 8194
8088 8827
8088 6631
7720 6774
8594 7350
1403 3416
2433 661
2433 7988
661 2112
4919 2827
4234 7506
7506 6295
8235 2192
8235 9020
8235 6241
860 3664
1615 6486
1158 2880
9226 4875
1754 1608
7797 184
7797 939
8942 3223
3223 3951
9893 802
9893 7460
802 8546
802 8459
802 4122
3116 6218
3116 2524
2524 8790
8487 3331
9655 6007
2522 5301
7759 7460
7759 9542
9301 7031
9301 7597
7031 7697
5543 8790
5543 1222
8790 1368
1222 8918
1222 5092
4663 9196
328 9327
328 5942
854 8289
8289 2809
8289 245
8289 4963
4328 5149
46 3933
625 7826
2725 1881
1343 812
2525 3261
2525 5342
5342 1179
840 290
7792 2887
737 7895
737 7591
737 6022
7895 930
8031 3056
6468 3166
3166 3575
1300 7378
9815 9545
8808 7281
5317 517
3015 7498
7498 6514
1866 1282
1282 1784
1282 123
3856 6349
151 486
2166 6894
8341 9599
8341 7168
8000 2657
5878 9999
6923 9753
9218 2656
8628 2174
2174 3831
2174 5152
5965 6058
775 918
3224 1055
1055 9909
9763 1308
9763 9641
8100 2228
8100 3490
7173 8912
9180 4639
4223 7717
4223 1283
2816 1181
68 3379
1237 7017
5423 6679
5180 4233
2668 7509
473 2278
1612 125
125 3414
6749 4881
4881 9156
8680 4945
3788 6565
3267 5029
3267 3936
1961 2164
1961 281
1961 5613
9352 7038
8950 9939
3068 7849
9444 1330
1267 9236
8447 5901
3389 4169
3389 9556
6028 9631
8766 5451
8417 4954
8089 8084
7122 9125
6941 1434
1903 1652
7293 6649
5677 5407
5677 6123
6123 4041
6509 9181
4820 2112
4820 2164
6586 7077
7650 3496
3614 9711
9881 5272
5272 673
5858 2069
9133 5566
9133 5747
4639 9146
8953 6360
3935 2018
172 5012
5012 414
762 26
2061 3233
6868 3028
6868 1392
3028 9240
369 9777
799 5437
5437 3990
9911 5541
261 1115
261 4295
5851 3148
721 1073
3928 6855
3928 5948
3928 2785
5948 192
4377 7884
3021 9503
4711 4953
2477 9116
7023 2569
4436 397
1485 512
1458 9292
5717 3578
5368 4244
5368 3218
4566 6515
2572 5151
2572 1023
2572 5007
2572 1336
1023 9517
4098 9285
9251 7563
4674 3929
5398 9458
5398 6961
9458 3010
6961 8849
7372 4400
7372 9737
9737 4263
5481 6384
7551 7610
5382 8385
5382 1530
8385 6039
8385 8123
3035 2969
8290 6105
3121 1962
8661 2995
1716 4202
9107 6524
9107 7750
7037 415
5487 5882
218 9536
218 1141
218 9962
2574 953
2574 7820
9695 710
8504 8822
2954 875
875 6325
693 8914
693 1878
693 7414
1878 9151
7415 5914
8299 610
3508 8468
2028 8030
2874 8717
1256 4143
9605 768
7104 8672
7104 4469
7104 7170
7132 3527
4651 5574
6842 6914
6178 1799
3524 3907
1305 2657
8224 2068
2370 7920
7920 8144
6986 4837
7406 6009
7406 4893
4134 9335
9335 254
7923 9236
1291 7279
8849 2621
2907 4122
7020 7310
7310 9980
4693 4198
4693 9216
4755 3378
8360 9384
6421 8015
9126 1744
1744 2246
6642 8713
8750 7279
4780 7155
4780 7948
4361 7824
4361 3016
1888 2029
628 4444
5732 7801
7197 4935
6550 9029
1593 2488
2488 6824
7172 6139
7615 1181
6359 4501
6359 2524
4501 3525
8310 7053
9050 1186
9050 9901
1626 2574
8936 5302
7437 5470
7437 9201
7437 1971
5470 5282
8723 58
8723 7238
7371 6899
7604 5720
8856 4347
8856 7256
3324 5708
5708 4961
8069 6844
1670 6676
6129 2169
6185 7524
2742 8254
2742 966
2742 810
810 9175
2968 5053
7887 2543
3142 4405
3771 3046
3771 9167
21 8931
3612 3051
3612 6216
6519 7597
7637 5435
7637 3367
30 7015
4540 8631
5763 6172
8368 4211
9358 1741
9277 4630
7320 1874
7320 7325
7325 8281
9625 7241
4092 3986
3057 9339
3057 26
1706 1036
1036 6082
1036 9990
1036 7846
4575 8227
3263 8025
1028 6101
6101 405
8979 7518
8979 199
3427 1238
2648 60
1308 2205
9641 3122
4811 1531
4040 382
382 9217
9235 2256
2256 1554
1952 8213
4266 1645
4266 5189
6471 8521
8521 1663
6765 185
3032 9421
635 6510
6510 7082
9069 6204
6500 3952
5884 2930
5884 1986
1986 2481
1684 7249
2057 4293
2057 999
2935 1091
570 181
5868 1878
389 8904
335 7230
335 4836
335 6630
9291 1410
9291 5656
2118 6429
4926 1172
4926 2884
8149 4757
9771 9354
9314 7525
2703 781
8964 8262
540 9503
540 323
204 4962
4962 5105
2809 6051
2809 9902
245 9689
267 6644
866 3303
4687 6712
2876 5877
696 3978
5431 2239
6128 1876
6128 9848
2819 3846
2819 2478
7795 9611
3616 1519
3616 9743
4249 1417
1417 9394
1417 6115
4569 2920
3413 9510
3413 6243
6243 5134
2181 7324
2181 5910
7571 9128
3710 699
8321 4090
8321 3421
2881 6302
2881 7751
2881 9188
7711 2038
2038 5922
3458 4776
4001 5693
5019 1625
5019 7322
1625 6530
7322 9436
8293 6285
8293 5389
3185 1756
2234 8216
8216 7520
1423 9609
9609 7036
3010 7273
6841 6644
6841 3650
3535 7885
7189 2073
7743 8024
3422 1088
8181 1037
9769 5404
9769 3415
5404 3587
1910 9595
9896 6150
6150 8709
5011 3742
5011 9594
4206 7257
7257 7591
4267 3738
4267 8279
4267 544
544 8007
8483 9443
4352 8730
4352 9919
11 603
603 3690
529 3633
529 5352
4256 9089
4256 4337
4256 5106
5106 2094
9250 6591
6969 9824
3104 5693
3104 2213
2213 3780
2341 8084
4754 7414
5840 7094
460 7595
6895 862
6895 4404
9916 8478
9916 9894
9894 421
5624 6163
6163 9260
44 9676
8142 2977
8142 4029
4370 4441
4263 7042
4263 6008
5917 1836
9404 87
87 7747
8179 7884
8179 640
7603 590
4572 8831
639 2398
8362 8539
2842 9279
3487 8372
4238 1584
1584 2380
5178 9101
5178 5148
9101 5383
2113 6836
3938 3654
3938 5668
9103 4363
4363 5389
5278 8966
8966 4946
194 6335
6335 3836
6335 255
6957 7481
1583 9669
899 1806
4292 9695
4971 9709
4971 7917
4167 3461
6311 6048
6048 6649
6048 1136
2092 1404
8477 9949
2410 7162
2410 1859
6414 72
73 1041
1041 5687
6402 2613
3528 3763
6951 4144
9132 6710
9118 7587
9118 7232
4810 1655
5321 7942
5321 2801
5321 1184
226 2955
3534 9145
5355 7533
7533 7273
7533 5841
2989 6454
9984 6290
559 6126
6212 2656
6212 642
252 9777
7432 1592
5170 725
5170 7120
5170 8976
5170 1389
8182 1254
6959 9754
6959 3985
848 8216
6341 8708
8708 9263
3523 9497
9497 6062
9497 9888
9497 7306
9497 2254
1350 6808
6187 461
6187 3266
3266 1929
6998 3829
1346 9047
5447 8199
5447 4495
260 4890
8859 2549
1478 3276
3230 6370
4950 6303
8301 8526
8301 2759
4059 4259
9565 2213
9565 2804
4407 831
179 749
179 9112
9112 3086
322 3272
7466 6716
7466 5764
9645 6972
2069 1380
5555 2476
5555 1825
6437 5039
5039 8806
1698 5663
1795 9201
1795 4536
4536 6553
5156 9675
5156 1862
9675 126
1862 6800
2102 5174
2124 4871
4871 6790
4626 2679
7145 2685
2563 2911
6470 6734
6597 5745
5745 1839
753 363
569 3351
569 9110
8114 8698
4354 362
4354 7229
7605 4313
6061 6297
2750 3570
2750 5957
2750 6524
3570 4767
5957 3927
8597 8823
3005 6896
7779 5092
1029 3822
6563 1425
217 1268
9552 7170
9552 2429
2429 314
1306 9347
8732 1131
982 429
9175 4189
9175 9124
2741 8948
683 6901
2216 9036
2216 3517
2055 8559
2055 7421
9961 2958
9961 4592
9961 9243
4763 3349
1168 2822
938 111
1228 7071
1228 3232
182 2169
182 8789
5096 9734
5430 9895
4330 248
7661 9742
1153 9990
1153 6570
6570 7286
6316 7168
6316 2877
5210 4309
4309 1794
4309 4429
2087 4747
4747 9570
3548 3216
3548 2049
3548 2416
4985 354
7030 596
8291 7971
2191 6270
6270 3461
9877 7176
6909 6115
5843 274
5843 3138
3697 2387
9454 9787
8797 7202
7113 1863
7113 4578
7113 3171
7273 53
535 7389
9516 6258
9516 2813
9516 509
732 7233
7961 5723
7961 9883
5723 1839
6467 6273
453 5133
9147 4785
4785 4970
718 9452
9452 7738
1037 3367
1037 2389
9376 7876
3259 1204
8632 2134
2134 8948
2134 819
7897 4312
5850 282
3756 4000
9879 7467
7467 6515
6372 3214
7919 4849
7919 6673
1818 1635
1137 9999
1137 2452
8382 9764
8442 3323
8120 4264
8166 4668
948 3256
4511 6123
7424 2872
6574 5144
6548 4269
6548 8849
9823 6735
6211 2692
7816 6565
5105 2258
2141 1175
8741 9943
8741 768
9943 8448
7036 545
7036 7412
7036 8662
7036 6008
940 5127
940 5241
3097 3414
6546 8891
8891 5687
1760 4021
1760 9923
855 3626
3626 8954
3039 6037
6037 2132
2653 202
1984 9527
9527 3411
7747 557
7747 7331
2517 9691
6114 5255
3029 8151
3029 2429
8151 4798
3294 3459
3294 4727
3459 2942
6541 7247
2688 5635
4541 5710
6632 3605
3335 5449
8550 6263
8550 1136
1690 8954
7472 442
7472 4803
3406 3778
3406 3588
8370 3038
8370 9654
3623 3125
9108 9760
9760 9868
9445 3386
3386 4105
3386 7091
9919 2478
2838 2361
6416 5922
2749 2222
2749 600
600 681
624 7944
6938 9883
6938 8648
6938 4927
6938 7972
8648 3619
9483 8393
7576 4177
8081 7517
7517 3602
4398 5497
5497 2009
2913 9177
9543 7375
6286 6182
6286 4065
6182 4166
6182 789
7114 8371
760 9009
9009 8280
9086 3447
2282 1784
6120 5972
5471 86
9019 3870
4139 812
4139 6566
7880 697
697 2962
6351 3269
6062 2205
8380 6646
1344 5552
1344 5104
9613 6101
3405 1130
1130 7185
1130 6931
4660 2327
845 8456
254 8348
2994 3804
3804 9146
8269 8757
5783 5350
5350 5594
8515 7516
4019 8647
9553 9856
296 5916
5916 1057
2109 5713
5713 6391
4989 9559
5079 3087
3887 6209
3887 2815
9819 5375
9819 8725
4338 9970
9970 6756
329 2622
6174 1499
2245 3829
3878 6243
3878 2363
9085 3596
9459 4448
7194 7640
9736 4342
3279 5316
8484 1594
1594 6042
8405 5901
8432 2442
9786 3893
9670 5246
7326 8407
7006 3873
7343 6746
7343 9364
672 2072
2674 8910
8910 7254
8910 363
5117 1173
5060 917
5060 2323
6245 5888
4286 6266
4286 8614
5119 4157
5594 4946
5594 5838
5594 5658
7986 3911
40 8997
8997 9936
1380 6288
7287 2777
1966 3172
1966 9845
1966 9462
9615 6222
3800 7727
9184 1513
8816 2233
8173 2698
6261 3171
9537 6165
9537 856
9537 3838
856 464
5090 5754
4472 4574
4472 8378
4472 3768
4107 789
9707 7713
9707 4768
6937 8390
6937 2982
3333 4153
3333 7754
4476 6559
3170 2244
1778 6110
6110 2721
358 5389
820 6005
820 9307
2615 6357
7573 9524
3014 4136
7914 5589
5652 859
5652 75
6656 1660
2825 7627
6962 3869
5648 240
4568 6538
6538 1862
2007 9279
2007 9517
577 5781
577 1227
5781 9567
2693 12
12 1877
12 273
2620 8678
8774 2427
4333 6776
4838 7645
4838 59
232 2196
232 9652
8316 8495
809 3805
5592 4376
2238 1636
9470 1004
1004 9914
1004 6599
7847 1731
3706 9276
3706 4187
1538 7745
1356 1975
7099 1031
7099 2840
3320 3870
8807 7839
6291 3835
8278 5982
2625 770
2981 6853
3751 4222
6339 60
754 9919
8092 8419
8092 8733
8092 5666
8419 8489
5814 8194
8375 8325
7368 428
7368 8959
2567 9064
8055 9824
5016 509
6102 16
6102 740
8772 3025
3280 2240
2202 763
545 8937
2389 7379
2890 6960
2890 4353
2890 2805
968 7813
968 1988
8501 1210
2394 7843
2394 7939
7939 7245
4070 3310
3310 2652
276 6457
4915 7487
4915 4738
7487 6098
6193 3838
5626 6095
4346 5046
1748 5123
1748 4875
5123 9809
1761 5147
7519 4323
7027 8307
6112 3137
5950 671
1651 7220
7861 7111
3201 9463
3551 7613
5253 5875
4296 2958
8209 372
3675 3593
3675 2197
2552 8724
8724 9110
1791 8605
1791 9969
1046 8212
2209 6518
1109 7384
5659 9166
5659 9697
944 3877
6944 7004
5975 7580
7580 9920
7580 638
516 7591
516 6891
516 2309
7652 5134
7210 769
1433 1735
1735 8059
1449 9475
1449 6204
3700 5466
4197 6899
864 6604
3983 4233
5199 903
5199 9833
5107 6194
9260 1666
9260 7936
3495 1705
4104 8691
1849 749
1849 4399
1849 7149
3034 2476
2580 6719
2580 7739
2580 1578
7739 939
7739 1467
1578 414
9665 627
9665 9315
9315 17
6043 5952
7013 5486
4625 1116
1507 2851
6074 3153
819 8509
5068 9242
4932 1596
6693 1232
7772 8395
7842 4225
3090 6346
1372 1298
1372 2483
1298 7824
2133 5993
1526 89
89 8858
5365 7970
7410 556
2986 368
6493 2777
2777 8146
3002 1638
1638 3007
438 7328
7328 9872
6224 8014
713 5046
713 2623
713 9498
7634 4987
5152 4942
735 4911
735 2083
4911 1809
4911 9368
4725 9660
9660 3617
2936 4441
2936 3330
2936 2785
2936 5376
1710 8959
8912 9866
7301 6999
7301 2345
7301 4592
6999 8591
9821 2448
2448 9657
2448 9129
212 2016
2016 1881
5249 5492
1661 5462
7429 2568
8059 1292
3678 7087
7161 1477
7161 2211
7161 7435
1633 7228
8404 7487
8533 2607
8533 1622
2607 6965
2607 7529
668 2367
668 8672
7262 9514
3886 6194
4131 6683
7902 452
8507 5725
8507 2796
1033 5925
5862 2709
22 8624
22 5704
8624 1580
9964 75
4990 560
9137 147
7994 2081
8488 4991
8488 6064
6144 2367
2241 357
357 9372
9156 5449
5269 8215
3630 5435
3630 9124
3712 192
1113 1856
1113 7125
8257 6914
5733 650
8629 4819
2189 4353
2189 6688
6688 2197
6688 2359
8347 1207
9925 6396
557 898
7331 6539
7331 9720
8045 3582
8681 6709
7702 254
1680 6918
2439 4646
7119 9608
9608 2905
7417 7684
7678 9687
5519 3083
4699 28
7298 5552
1075 8155
2728 9282
1965 1282
1965 5488
416 8029
416 9356
3181 8687
2863 5411
5411 2914
3340 8578
4415 6863
3568 3206
8027 2879
6657 2702
4003 3388
3724 2244
3724 795
4052 8117
398 6994
4068 7345
4068 5721
2773 9836
913 3007
755 8666
4440 7798
4440 1328
7798 6703
7997 2227
7997 6588
5485 8415
5485 5562
8415 8340
1907 4907
1838 7878
6551 7152
4656 857
62 3212
7317 5998
4189 4675
6879 6697
1886 414
1886 9894
5768 3937
6681 2940
2662 2544
1096 5281
1096 4856
7402 1175
1511 3854
7734 2325
1564 4965
188 6310
3452 4925
3452 9414
9496 4776
9350 9803
5402 2194
6637 1524
6637 7442
1524 4324
7442 9270
5928 4847
3501 6034
3501 3986
9906 2925
9694 4465
6304 1145
1050 5168
1515 1585
2941 8210
2941 1045
1045 1803
5565 7265
9172 3927
3927 790
2905 6124
9353 4212
5958 1123
1123 2777
2420 6567
8769 381
1135 9088
6543 2553
2553 2201
7964 1183
6754 6999
9802 9641
9802 886
2847 4315
4315 9535
7474 8410
7474 1906
2570 8328
2570 8083
6495 9156
777 4279
3030 962
3964 1942
9767 7068
9767 1112
2115 6544
2115 3840
4100 9764
4100 6645
1954 5304
5977 2322
237 7642
2426 1231
4708 9527
43 5179
548 7040
548 2283
548 997
7040 404
997 2015
997 3679
7151 2498
9854 8324
7545 3045
3045 3077
8126 8530
8126 5179
9286 250
250 8758
6476 7083
7083 3342
6761 7383
1151 8317
1641 4802
1641 5663
2898 363
2898 2437
2437 9014
4912 2253
9055 4086
4086 6325
4186 9882
5887 1460
8174 8204
2640 1065
2640 9417
2472 6355
2472 9523
2472 1666
6355 2042
3370 3332
3370 4048
3332 7877
1850 8598
1850 4970
2576 6032
2576 5380
3474 2813
8187 8609
8187 6141
8609 4589
3469 2765
1548 8596
4325 7481
7611 3504
7657 1367
1367 1175
9849 9788
9849 2859
1341 7264
9563 3813
7470 5404
7721 7566
6829 7739
9056 9541
3973 6570
3973 2142
4942 7950
189 5290
6696 4150
4924 5897
1313 3847
6639 6953
8201 9731
813 2787
4031 9333
474 7273
8863 9388
7805 9143
7805 971
2171 1955
4362 5889
8920 9943
8920 9231
3438 5251
3438 1280
5251 4885
7996 9764
5360 1217
1217 1225
3872 4445
6401 1720
210 7148
7148 5025
4973 5123
7009 273
1779 7169
1779 3554
3554 4783
3967 8008
3967 7419
8008 4587
6381 8784
3392 4852
823 5435
7844 4596
9593 1419
9593 9632
9632 8431
301 6180
8601 5623
3592 8563
8563 4661
7841 8989
7300 7077
494 1031
7782 9157
1431 1298
6047 5921
6047 1599
8129 2639
8129 9713
8129 8809
4845 7504
2976 6165
9839 1495
954 9377
954 8904
4323 5405
3951 917
3348 2345
8862 7148
8862 7108
7407 2736
1329 8137
838 8231
4832 8042
654 7421
8642 3617
3617 9765
4993 8372
4993 6058
6125 4230
8171 2005
9057 3679
8623 2316
4671 8338
32 5614
7825 5190
7825 4160
4160 5613
2793 9241
5674 7757
5674 9476
607 3988
9141 5383
5620 91
9303 7973
2943 4410
9361 6904
5013 5457
2504 5638
7866 1116
156 8456
1273 1555
515 789
1777 5356
2121 1788
4331 9988
4331 4183
4331 4348
6126 2405
542 4583
7763 464
7763 8683
4918 8930
8930 8588
7420 2782
3832 2917
2917 5455
4301 1997
8223 6964
4037 9528
9313 5531
2649 7391
7203 3966
4908 6908
3228 2334
8817 4622
5072 5906
5072 9509
6214 6189
3399 5177
3399 9155
170 3378
6138 7068
4712 6241
9289 3036
8943 9333
8943 2598
3491 3486
3486 1988
5727 4460
6385 4942
5334 7563
3976 4224
5091 5517
6487 7091
6481 6188
9368 90
5973 1751
6368 350
4542 8684
7787 1000
1000 8631
1000 5372
3658 7600
8440 1609
3824 4405
1663 4490
9225 2531
8903 8509
2147 8195
7451 4765
2260 3603
1386 7412
5912 9545
38 4072
5742 2096
4929 9998
4929 2103
4216 9188
1812 8309
8309 5588
3948 9542
9062 394
7966 5629
5629 9934
5629 2000
8613 5731
1022 7624
1022 1883
7221 2199
3316 9962
9575 4420
5081 699
2659 2933
3884 5938
7201 5423
4112 4826
3345 1788
3245 402
3662 4153
3662 8135
2629 987
2629 5242
4204 5531
5397 54
8063 9559
8064 6522
1220 8792
576 6107
7886 7577
6478 6119
9683 5572
5572 7511
6131 8131
745 3610
3610 3234
7061 7354
6800 3746
6800 8520
1475 2158
3260 9448
5902 8141
3226 8509
423 8923
7081 2475
4060 7856
5467 9355
6247 2869
4943 9298
6623 2398
6980 1003
6980 3161
7127 8875
7127 9188
6134 6272
8755 5499
8755 1588
8109 7970
374 3966
4603 6762
5198 4776
7260 6226
6569 6580
4864 4420
2797 596
2797 7552
7552 9672
8072 7576
9732 1000
8981 5918
5970 3342
4124 8874
6077 7414
4909 1143
1143 5847
5570 924
5570 868
9348 7848
4397 2320
5544 6175
1914 349
5216 8874
4714 5833
9907 3246
6850 5270
5789 6576
8462 9640
2265 2805
5776 4636
1049 4195
2356 3036
2329 557
7486 8866
5491 198
7933 5939
9456 1655
9456 8526
6215 5435
4842 4329
4914 2481
9773 9402
3747 2672
4075 9434
1102 404
5524 8967
4961 2204
9237 9949
7522 8536
7522 3325
9546 954
8424 6513
3301 1955
3301 4178
7088 728
2686 59
5556 2531
4939 6610
5076 9856
7485 3780
731 7780
8412 6618
8412 3984
1097 9902
2312 8924
7411 3138
5526 4624
4655 7233
23 6697
23 4025
5718 8168
1319 5669
1319 6360
1319 5685
5685 6431
1295 9514
5760 1086
6825 4514
2505 3194
7200 7584
7014 9904
5045 4963
2983 5589
7542 4177
7985 9731
2395 5540
2395 273
3336 1540
9568 8312
8312 2891
7237 9289
2388 8764
825 3272
2795 6646
8771 5037
7456 284
816 5050
3999 3410
3537 3342
9926 6918
6830 3167
3060 9580
5881 8192
9651 2536
6990 1263
3918 9481
976 6
6669 6734
8595 7676
6839 15
4649 7884
8077 37
3760 3402
8163 2083
6581 1054
2946 7476
7041 8901
5434 4305
384 3841
9170 6360
8720 539
3450 5059
7689 225
7689 2920
9977 5334
3110 1797
4952 9904
9346 5242
6724 4634
5205 7613
8878 4600
3207 5267
2519 4457
7947 5953
7690 1317
3560 2536
9174 2617
3109 2692
3109 8705
8705 5419
1938 2077
8271 3178
3178 6580
4475 2601
5163 1528
6030 2364
8570 2104
4316 9367
7725 6107
2075 6023
6309 2873
7626 617
4623 5582
2606 8758
2652 4007
1542 601
9747 9641
4564 3995
9681 2463
1821 627
4773 6662
2125 5693
4696 6413
5579 190
2066 9390
2896 4065
3731 7142
7142 3541
2560 6413
9531 7979
6118 8509
6118 1948
6933 1280
4007 2014
4327 3371
4388 4527
4527 5465
943 528
943 4518
6480 456
1119 5525
2215 997
579 2541
2575 6782
4959 6295
2556 6826
7575 3416
5946 885
2130 8082
3828 2094
5597 6042
8682 3295
298 2105
3113 3634
3796 2827
6407 4027
3337 2164
5158 4280
7057 1892
5294 2184
88 5478
4227 8949
2616 1656
1990 1800
8805 9400
4526 2589
4526 8465
2589 6455
5860 2197
8806 1896
4488 9197
3814 8288
2359 4429
1026 6218
9440 9793
9793 3757
6020 5709
6020 6371
6371 7777
9094 6222
9382 5725
1058 1599
8625 3518
929 128
7335 7764
6991 4587
127 25
2501 946
9102 6784
4551 9506
3647 6103
3278 9623
4459 1317
8639 8005
7226 9882
7654 6891
3868 4380
9857 7383
9857 9390
2526 8937
9533 8717
9790 3056
1070 8968
6499 6303
9688 7245
8017 1857
7574 6098
7935 923
3915 541
7110 7843
3669 4703
4703 8924
4451 5478
6852 6058
7802 3326
2626 9481
2718 5221
5845 3290
3930 2396
6431 6325
631 7807
8603 1371
5795 9687
5780 5363
5780 3841
1817 6692
3912 8904
7029 4359
9915 4824
4824 8342
3003 2914
4567 8530
1691 7271
8747 8757
2167 6762
5441 4222
4638 4449
4449 1964
6435 5363
4645 8631
632 4047
